# Transient Gas Mole fractions
t(s)            CH3CH2Br        TBAF            CH3CH2F         TBABr           C2H4            HF              
1.00000000e-08  4.99999974e-01  4.99999974e-01  2.32468976e-08  2.48832816e-08  1.63638391e-09  1.63638391e-09  
1.45000000e-08  4.99999963e-01  4.99999963e-01  3.37080004e-08  3.60807570e-08  2.37275658e-09  2.37275658e-09  
1.90000000e-08  4.99999951e-01  4.99999951e-01  4.41691027e-08  4.72782320e-08  3.10912923e-09  3.10912923e-09  
2.35000000e-08  4.99999940e-01  4.99999940e-01  5.46302046e-08  5.84757065e-08  3.84550184e-09  3.84550184e-09  
2.80000000e-08  4.99999928e-01  4.99999928e-01  6.50913061e-08  6.96731805e-08  4.58187442e-09  4.58187442e-09  
3.25000000e-08  4.99999916e-01  4.99999916e-01  7.55524071e-08  8.08706541e-08  5.31824698e-09  5.31824698e-09  
3.70000000e-08  4.99999905e-01  4.99999905e-01  8.60135077e-08  9.20681272e-08  6.05461950e-09  6.05461950e-09  
4.15000000e-08  4.99999893e-01  4.99999893e-01  9.64746079e-08  1.03265600e-07  6.79099199e-09  6.79099199e-09  
4.60000000e-08  4.99999882e-01  4.99999882e-01  1.06935708e-07  1.14463072e-07  7.52736445e-09  7.52736445e-09  
5.05000000e-08  4.99999870e-01  4.99999870e-01  1.17396807e-07  1.25660544e-07  8.26373689e-09  8.26373689e-09  
5.50000000e-08  4.99999859e-01  4.99999859e-01  1.27857906e-07  1.36858015e-07  9.00010929e-09  9.00010929e-09  
5.95000000e-08  4.99999847e-01  4.99999847e-01  1.38319004e-07  1.48055486e-07  9.73648166e-09  9.73648166e-09  
6.40000000e-08  4.99999836e-01  4.99999836e-01  1.48780102e-07  1.59252956e-07  1.04728540e-08  1.04728540e-08  
6.85000000e-08  4.99999824e-01  4.99999824e-01  1.59241200e-07  1.70450426e-07  1.12092263e-08  1.12092263e-08  
7.30000000e-08  4.99999812e-01  4.99999812e-01  1.69702297e-07  1.81647895e-07  1.19455986e-08  1.19455986e-08  
7.75000000e-08  4.99999801e-01  4.99999801e-01  1.80163392e-07  1.92845363e-07  1.26819707e-08  1.26819707e-08  
8.20000000e-08  4.99999789e-01  4.99999789e-01  1.90624488e-07  2.04042831e-07  1.34183429e-08  1.34183429e-08  
8.65000000e-08  4.99999778e-01  4.99999778e-01  2.01085583e-07  2.15240298e-07  1.41547150e-08  1.41547150e-08  
9.10000000e-08  4.99999766e-01  4.99999766e-01  2.11546677e-07  2.26437764e-07  1.48910871e-08  1.48910871e-08  
9.55000000e-08  4.99999755e-01  4.99999755e-01  2.22007771e-07  2.37635230e-07  1.56274592e-08  1.56274592e-08  
1.00000000e-07  4.99999743e-01  4.99999743e-01  2.32468864e-07  2.48832695e-07  1.63638312e-08  1.63638312e-08  
1.45000000e-07  4.99999627e-01  4.99999627e-01  3.37079773e-07  3.60807322e-07  2.37275495e-08  2.37275495e-08  
1.90000000e-07  4.99999512e-01  4.99999512e-01  4.41690635e-07  4.72781900e-07  3.10912646e-08  3.10912646e-08  
2.35000000e-07  4.99999396e-01  4.99999396e-01  5.46301450e-07  5.84756427e-07  3.84549764e-08  3.84549764e-08  
2.80000000e-07  4.99999280e-01  4.99999280e-01  6.50912219e-07  6.96730904e-07  4.58186850e-08  4.58186850e-08  
3.25000000e-07  4.99999165e-01  4.99999165e-01  7.55522938e-07  8.08705328e-07  5.31823900e-08  5.31823900e-08  
3.70000000e-07  4.99999049e-01  4.99999049e-01  8.60133606e-07  9.20679697e-07  6.05460914e-08  6.05460914e-08  
4.15000000e-07  4.99998933e-01  4.99998933e-01  9.64744226e-07  1.03265402e-06  6.79097895e-08  6.79097895e-08  
4.60000000e-07  4.99998818e-01  4.99998818e-01  1.06935480e-06  1.14462828e-06  7.52734841e-08  7.52734841e-08  
5.05000000e-07  4.99998702e-01  4.99998702e-01  1.17396532e-06  1.25660250e-06  8.26371754e-08  8.26371754e-08  
5.50000000e-07  4.99998586e-01  4.99998586e-01  1.27857580e-06  1.36857666e-06  9.00008634e-08  9.00008634e-08  
5.95000000e-07  4.99998471e-01  4.99998471e-01  1.38318623e-06  1.48055077e-06  9.73645479e-08  9.73645479e-08  
6.40000000e-07  4.99998355e-01  4.99998355e-01  1.48779661e-06  1.59252484e-06  1.04728229e-07  1.04728229e-07  
6.85000000e-07  4.99998239e-01  4.99998239e-01  1.59240694e-06  1.70449885e-06  1.12091907e-07  1.12091907e-07  
7.30000000e-07  4.99998124e-01  4.99998124e-01  1.69701722e-06  1.81647281e-06  1.19455581e-07  1.19455581e-07  
7.75000000e-07  4.99998008e-01  4.99998008e-01  1.80162746e-06  1.92844671e-06  1.26819253e-07  1.26819253e-07  
8.20000000e-07  4.99997892e-01  4.99997892e-01  1.90623765e-06  2.04042057e-06  1.34182920e-07  1.34182920e-07  
8.65000000e-07  4.99997777e-01  4.99997777e-01  2.01084779e-06  2.15239437e-06  1.41546585e-07  1.41546585e-07  
9.10000000e-07  4.99997661e-01  4.99997661e-01  2.11545788e-06  2.26436812e-06  1.48910245e-07  1.48910245e-07  
9.55000000e-07  4.99997546e-01  4.99997546e-01  2.22006792e-06  2.37634182e-06  1.56273903e-07  1.56273903e-07  
1.00000000e-06  4.99997430e-01  4.99997430e-01  2.32467791e-06  2.48831547e-06  1.63637556e-07  1.63637556e-07  
1.45000000e-06  4.99996273e-01  4.99996273e-01  3.37077519e-06  3.60804910e-06  2.37273909e-07  2.37273909e-07  
1.90000000e-06  4.99995117e-01  4.99995117e-01  4.41686764e-06  4.72777756e-06  3.10909922e-07  3.10909922e-07  
2.35000000e-06  4.99993960e-01  4.99993960e-01  5.46295524e-06  5.84750083e-06  3.84545593e-07  3.84545593e-07  
2.80000000e-06  4.99992804e-01  4.99992804e-01  6.50903801e-06  6.96721893e-06  4.58180924e-07  4.58180924e-07  
3.25000000e-06  4.99991647e-01  4.99991647e-01  7.55511594e-06  8.08693186e-06  5.31815915e-07  5.31815915e-07  
3.70000000e-06  4.99990491e-01  4.99990491e-01  8.60118904e-06  9.20663961e-06  6.05450566e-07  6.05450566e-07  
4.15000000e-06  4.99989334e-01  4.99989334e-01  9.64725729e-06  1.03263422e-05  6.79084875e-07  6.79084875e-07  
4.60000000e-06  4.99988178e-01  4.99988178e-01  1.06933207e-05  1.14460396e-05  7.52718844e-07  7.52718844e-07  
5.05000000e-06  4.99987021e-01  4.99987021e-01  1.17393793e-05  1.25657318e-05  8.26352472e-07  8.26352472e-07  
5.50000000e-06  4.99985865e-01  4.99985865e-01  1.27854330e-05  1.36854188e-05  8.99985760e-07  8.99985760e-07  
5.95000000e-06  4.99984708e-01  4.99984708e-01  1.38314819e-05  1.48051006e-05  9.73618707e-07  9.73618707e-07  
6.40000000e-06  4.99983552e-01  4.99983552e-01  1.48775260e-05  1.59247773e-05  1.04725131e-06  1.04725131e-06  
6.85000000e-06  4.99982395e-01  4.99982395e-01  1.59235652e-05  1.70444488e-05  1.12088358e-06  1.12088358e-06  
7.30000000e-06  4.99981239e-01  4.99981239e-01  1.69695996e-05  1.81641151e-05  1.19451551e-06  1.19451551e-06  
7.75000000e-06  4.99980082e-01  4.99980082e-01  1.80156292e-05  1.92837762e-05  1.26814709e-06  1.26814709e-06  
8.20000000e-06  4.99978926e-01  4.99978926e-01  1.90616539e-05  2.04034322e-05  1.34177833e-06  1.34177833e-06  
8.65000000e-06  4.99977769e-01  4.99977769e-01  2.01076737e-05  2.15230830e-05  1.41540924e-06  1.41540924e-06  
9.10000000e-06  4.99976613e-01  4.99976613e-01  2.11536888e-05  2.26427286e-05  1.48903980e-06  1.48903980e-06  
9.55000000e-06  4.99975456e-01  4.99975456e-01  2.21996990e-05  2.37623690e-05  1.56267002e-06  1.56267002e-06  
1.00000000e-05  4.99974300e-01  4.99974300e-01  2.32457043e-05  2.48820042e-05  1.63629991e-06  1.63629991e-06  
1.45000000e-05  4.99962736e-01  4.99962736e-01  3.37054917e-05  3.60780717e-05  2.37257999e-06  2.37257999e-06  
1.90000000e-05  4.99951172e-01  4.99951172e-01  4.41647954e-05  4.72736214e-05  3.10882602e-06  3.10882602e-06  
2.35000000e-05  4.99939609e-01  4.99939609e-01  5.46236152e-05  5.84686532e-05  3.84503800e-06  3.84503800e-06  
2.80000000e-05  4.99928046e-01  4.99928046e-01  6.50819513e-05  6.96631673e-05  4.58121593e-06  4.58121593e-06  
3.25000000e-05  4.99916484e-01  4.99916484e-01  7.55398039e-05  8.08571637e-05  5.31735982e-06  5.31735982e-06  
3.70000000e-05  4.99904923e-01  4.99904923e-01  8.59971727e-05  9.20506423e-05  6.05346965e-06  6.05346965e-06  
4.15000000e-05  4.99893362e-01  4.99893362e-01  9.64540577e-05  1.03243603e-04  6.78954544e-06  6.78954544e-06  
4.60000000e-05  4.99881801e-01  4.99881801e-01  1.06910459e-04  1.14436046e-04  7.52558717e-06  7.52558717e-06  
5.05000000e-05  4.99870241e-01  4.99870241e-01  1.17366377e-04  1.25627972e-04  8.26159486e-06  8.26159486e-06  
5.50000000e-05  4.99858682e-01  4.99858682e-01  1.27821811e-04  1.36819380e-04  8.99756853e-06  8.99756853e-06  
5.95000000e-05  4.99847123e-01  4.99847123e-01  1.38276762e-04  1.48010270e-04  9.73350816e-06  9.73350816e-06  
6.40000000e-05  4.99835565e-01  4.99835565e-01  1.48731229e-04  1.59200643e-04  1.04694138e-05  1.04694138e-05  
6.85000000e-05  4.99824007e-01  4.99824007e-01  1.59185213e-04  1.70390498e-04  1.12052853e-05  1.12052853e-05  
7.30000000e-05  4.99812450e-01  4.99812450e-01  1.69638713e-04  1.81579836e-04  1.19411228e-05  1.19411228e-05  
7.75000000e-05  4.99800893e-01  4.99800893e-01  1.80091730e-04  1.92768656e-04  1.26769263e-05  1.26769263e-05  
8.20000000e-05  4.99789337e-01  4.99789337e-01  1.90544264e-04  2.03956959e-04  1.34126958e-05  1.34126958e-05  
8.65000000e-05  4.99777781e-01  4.99777781e-01  2.00996314e-04  2.15144745e-04  1.41484313e-05  1.41484313e-05  
9.10000000e-05  4.99766226e-01  4.99766226e-01  2.11447881e-04  2.26332014e-04  1.48841327e-05  1.48841327e-05  
9.55000000e-05  4.99754671e-01  4.99754671e-01  2.21898964e-04  2.37518764e-04  1.56198001e-05  1.56198001e-05  
1.00000000e-04  4.99743117e-01  4.99743117e-01  2.32349564e-04  2.48704998e-04  1.63554335e-05  1.63554335e-05  
1.45000000e-04  4.99627606e-01  4.99627606e-01  3.36828997e-04  3.60538894e-04  2.37098971e-05  2.37098971e-05  
1.90000000e-04  4.99512148e-01  4.99512148e-01  4.41260140e-04  4.72321102e-04  3.10609615e-05  3.10609615e-05  
2.35000000e-04  4.99396744e-01  4.99396744e-01  5.45643028e-04  5.84051657e-04  3.84086291e-05  3.84086291e-05  
2.80000000e-04  4.99281393e-01  4.99281393e-01  6.49977694e-04  6.95730596e-04  4.57529023e-05  4.57529023e-05  
3.25000000e-04  4.99166095e-01  4.99166095e-01  7.54264171e-04  8.07357955e-04  5.30937835e-05  5.30937835e-05  
3.70000000e-04  4.99050851e-01  4.99050851e-01  8.58502495e-04  9.18933771e-04  6.04312751e-05  6.04312751e-05  
4.15000000e-04  4.98935659e-01  4.98935659e-01  9.62692697e-04  1.03045808e-03  6.77653793e-05  6.77653793e-05  
4.60000000e-04  4.98820521e-01  4.98820521e-01  1.06683481e-03  1.14193091e-03  7.50960986e-05  7.50960986e-05  
5.05000000e-04  4.98705436e-01  4.98705436e-01  1.17092887e-03  1.25335231e-03  8.24234353e-05  8.24234353e-05  
5.50000000e-04  4.98590404e-01  4.98590404e-01  1.27497491e-03  1.36472231e-03  8.97473918e-05  8.97473918e-05  
5.95000000e-04  4.98475425e-01  4.98475425e-01  1.37897297e-03  1.47604094e-03  9.70679703e-05  9.70679703e-05  
6.40000000e-04  4.98360499e-01  4.98360499e-01  1.48292306e-03  1.58730824e-03  1.04385173e-04  1.04385173e-04  
6.85000000e-04  4.98245626e-01  4.98245626e-01  1.58682524e-03  1.69852424e-03  1.11699003e-04  1.11699003e-04  
7.30000000e-04  4.98130806e-01  4.98130806e-01  1.69067953e-03  1.80968899e-03  1.19009462e-04  1.19009462e-04  
7.75000000e-04  4.98016039e-01  4.98016039e-01  1.79448596e-03  1.92080252e-03  1.26316552e-04  1.26316552e-04  
8.20000000e-04  4.97901325e-01  4.97901325e-01  1.89824458e-03  2.03186485e-03  1.33620276e-04  1.33620276e-04  
8.65000000e-04  4.97786664e-01  4.97786664e-01  2.00195540e-03  2.14287603e-03  1.40920636e-04  1.40920636e-04  
9.10000000e-04  4.97672055e-01  4.97672055e-01  2.10561847e-03  2.25383610e-03  1.48217634e-04  1.48217634e-04  
9.55000000e-04  4.97557499e-01  4.97557499e-01  2.20923381e-03  2.36474508e-03  1.55511273e-04  1.55511273e-04  
1.00000000e-03  4.97442996e-01  4.97442996e-01  2.31280146e-03  2.47560302e-03  1.62801555e-04  1.62801555e-04  
1.45000000e-03  4.96300857e-01  4.96300857e-01  3.34586227e-03  3.58138252e-03  2.35520251e-04  2.35520251e-04  
1.90000000e-03  4.95163951e-01  4.95163951e-01  4.37419007e-03  4.68209585e-03  3.07905784e-04  3.07905784e-04  
2.35000000e-03  4.94032242e-01  4.94032242e-01  5.39781731e-03  5.77777775e-03  3.79960437e-04  3.79960437e-04  
2.80000000e-03  4.92905694e-01  4.92905694e-01  6.41677614e-03  6.86846261e-03  4.51686473e-04  4.51686473e-04  
3.25000000e-03  4.91784272e-01  4.91784272e-01  7.43109848e-03  7.95418462e-03  5.23086140e-04  5.23086140e-04  
3.70000000e-03  4.90667942e-01  4.90667942e-01  8.44081591e-03  9.03497757e-03  5.94161661e-04  5.94161661e-04  
4.15000000e-03  4.89556667e-01  4.89556667e-01  9.44595970e-03  1.01108749e-02  6.64915236e-04  6.64915236e-04  
4.60000000e-03  4.88450416e-01  4.88450416e-01  1.04465609e-02  1.11819099e-02  7.35349048e-04  7.35349048e-04  
5.05000000e-03  4.87349152e-01  4.87349152e-01  1.14426501e-02  1.22481154e-02  8.05465261e-04  8.05465261e-04  
5.50000000e-03  4.86252843e-01  4.86252843e-01  1.24342579e-02  1.33095239e-02  8.75266016e-04  8.75266016e-04  
5.95000000e-03  4.85161455e-01  4.85161455e-01  1.34214144e-02  1.43661678e-02  9.44753437e-04  9.44753437e-04  
6.40000000e-03  4.84074956e-01  4.84074956e-01  1.44041494e-02  1.54180791e-02  1.01392963e-03  1.01392963e-03  
6.85000000e-03  4.82993312e-01  4.82993312e-01  1.53824928e-02  1.64652895e-02  1.08279668e-03  1.08279668e-03  
7.30000000e-03  4.81916491e-01  4.81916491e-01  1.63564738e-02  1.75078305e-02  1.15135666e-03  1.15135666e-03  
7.75000000e-03  4.80844461e-01  4.80844461e-01  1.73261216e-02  1.85457332e-02  1.21961162e-03  1.21961162e-03  
8.20000000e-03  4.79777190e-01  4.79777190e-01  1.82914649e-02  1.95790285e-02  1.28756358e-03  1.28756358e-03  
8.65000000e-03  4.78714646e-01  4.78714646e-01  1.92525325e-02  2.06077471e-02  1.35521457e-03  1.35521457e-03  
9.10000000e-03  4.77656797e-01  4.77656797e-01  2.02093527e-02  2.16319193e-02  1.42256657e-03  1.42256657e-03  
9.55000000e-03  4.76603614e-01  4.76603614e-01  2.11619534e-02  2.26515750e-02  1.48962156e-03  1.48962156e-03  
1.00000000e-02  4.75555065e-01  4.75555065e-01  2.21103626e-02  2.36667441e-02  1.55638151e-03  1.55638151e-03  
1.45000000e-02  4.65317867e-01  4.65317867e-01  3.13698748e-02  3.35780472e-02  2.20817242e-03  2.20817242e-03  
1.90000000e-02  4.55512130e-01  4.55512130e-01  4.02391313e-02  4.30716240e-02  2.83249266e-03  2.83249266e-03  
2.35000000e-02  4.46111140e-01  4.46111140e-01  4.87422952e-02  5.21733383e-02  3.43104309e-03  3.43104309e-03  
2.80000000e-02  4.37090345e-01  4.37090345e-01  5.69015747e-02  6.09069616e-02  4.00538698e-03  4.00538698e-03  
3.25000000e-02  4.28427137e-01  4.28427137e-01  6.47374175e-02  6.92943812e-02  4.55696368e-03  4.55696368e-03  
3.70000000e-02  4.20100667e-01  4.20100667e-01  7.22686817e-02  7.73557823e-02  5.08710063e-03  5.08710063e-03  
4.15000000e-02  4.12091677e-01  4.12091677e-01  7.95127869e-02  8.51098109e-02  5.59702404e-03  5.59702404e-03  
4.60000000e-02  4.04382348e-01  4.04382348e-01  8.64858496e-02  9.25737180e-02  6.08786835e-03  6.08786835e-03  
5.05000000e-02  3.96956171e-01  3.96956171e-01  9.32028019e-02  9.97634866e-02  6.56068468e-03  6.56068468e-03  
5.50000000e-02  3.89797828e-01  3.89797828e-01  9.96774991e-02  1.06693947e-01  7.01644830e-03  7.01644830e-03  
5.95000000e-02  3.82893086e-01  3.82893086e-01  1.05922815e-01  1.13378881e-01  7.45606545e-03  7.45606545e-03  
6.40000000e-02  3.76228703e-01  3.76228703e-01  1.11950728e-01  1.19831107e-01  7.88037926e-03  7.88037926e-03  
6.85000000e-02  3.69792342e-01  3.69792342e-01  1.17772395e-01  1.26062570e-01  8.29017511e-03  8.29017511e-03  
7.30000000e-02  3.63572498e-01  3.63572498e-01  1.23398223e-01  1.32084409e-01  8.68618556e-03  8.68618556e-03  
7.75000000e-02  3.57558427e-01  3.57558427e-01  1.28837931e-01  1.37907026e-01  9.06909472e-03  9.06909472e-03  
8.20000000e-02  3.51740083e-01  3.51740083e-01  1.34100604e-01  1.43540146e-01  9.43954216e-03  9.43954216e-03  
8.65000000e-02  3.46108064e-01  3.46108064e-01  1.39194747e-01  1.48992873e-01  9.79812648e-03  9.79812648e-03  
9.10000000e-02  3.40653560e-01  3.40653560e-01  1.44128327e-01  1.54273735e-01  1.01454086e-02  1.01454086e-02  
9.55000000e-02  3.35368311e-01  3.35368311e-01  1.48908817e-01  1.59390732e-01  1.04819145e-02  1.04819145e-02  
1.00000000e-01  3.30244557e-01  3.30244557e-01  1.53543236e-01  1.64351374e-01  1.08081381e-02  1.08081381e-02  
1.45000000e-01  2.86476682e-01  2.86476682e-01  1.93131134e-01  2.06725923e-01  1.35947895e-02  1.35947895e-02  
1.90000000e-01  2.52952460e-01  2.52952460e-01  2.23453681e-01  2.39182920e-01  1.57292390e-02  1.57292390e-02  
2.35000000e-01  2.26452427e-01  2.26452427e-01  2.47422874e-01  2.64839340e-01  1.74164663e-02  1.74164663e-02  
2.80000000e-01  2.04978307e-01  2.04978307e-01  2.66846144e-01  2.85629843e-01  1.87836994e-02  1.87836994e-02  
3.25000000e-01  1.87224142e-01  1.87224142e-01  2.82904727e-01  3.02818814e-01  1.99140871e-02  1.99140871e-02  
3.70000000e-01  1.72300371e-01  1.72300371e-01  2.96403229e-01  3.17267495e-01  2.08642668e-02  2.08642668e-02  
4.15000000e-01  1.59580124e-01  1.59580124e-01  3.07908650e-01  3.29582800e-01  2.16741506e-02  2.16741506e-02  
4.60000000e-01  1.48608922e-01  1.48608922e-01  3.17832066e-01  3.40204740e-01  2.23726747e-02  2.23726747e-02  
5.05000000e-01  1.39049231e-01  1.39049231e-01  3.26478775e-01  3.49460104e-01  2.29813295e-02  2.29813295e-02  
5.50000000e-01  1.30645112e-01  1.30645112e-01  3.34080273e-01  3.57596683e-01  2.35164104e-02  2.35164104e-02  
5.95000000e-01  1.23198979e-01  1.23198979e-01  3.40815275e-01  3.64805772e-01  2.39904973e-02  2.39904973e-02  
6.40000000e-01  1.16555865e-01  1.16555865e-01  3.46823950e-01  3.71237406e-01  2.44134569e-02  2.44134569e-02  
6.85000000e-01  1.10592514e-01  1.10592514e-01  3.52217781e-01  3.77010917e-01  2.47931367e-02  2.47931367e-02  
7.30000000e-01  1.05209669e-01  1.05209669e-01  3.57086546e-01  3.82222403e-01  2.51358565e-02  2.51358565e-02  
7.75000000e-01  1.00326499e-01  1.00326499e-01  3.61503357e-01  3.86950119e-01  2.54467624e-02  2.54467624e-02  
8.20000000e-01  9.58765165e-02  9.58765165e-02  3.65528352e-01  3.91258440e-01  2.57300878e-02  2.57300878e-02  
8.65000000e-01  9.18045266e-02  9.18045266e-02  3.69211453e-01  3.95200800e-01  2.59893469e-02  2.59893469e-02  
9.10000000e-01  8.80643289e-02  8.80643289e-02  3.72594450e-01  3.98821931e-01  2.62274811e-02  2.62274811e-02  
9.55000000e-01  8.46169591e-02  8.46169591e-02  3.75712584e-01  4.02159555e-01  2.64469712e-02  2.64469712e-02  
1.00000000e+00  8.14293233e-02  8.14293233e-02  3.78595790e-01  4.05245714e-01  2.66499244e-02  2.66499244e-02  
1.45000000e+00  5.91476161e-02  5.91476161e-02  3.98749520e-01  4.26818096e-01  2.80685759e-02  2.80685759e-02  
1.90000000e+00  4.64400987e-02  4.64400987e-02  4.10243427e-01  4.39121077e-01  2.88776494e-02  2.88776494e-02  
2.35000000e+00  3.82272101e-02  3.82272101e-02  4.17671957e-01  4.47072512e-01  2.94005551e-02  2.94005551e-02  
2.80000000e+00  3.24826795e-02  3.24826795e-02  4.22867866e-01  4.52634169e-01  2.97663031e-02  2.97663031e-02  
3.00000000e+00  3.04490445e-02  3.04490445e-02  4.24707282e-01  4.54603064e-01  2.98957825e-02  2.98957825e-02  
