t(s)            Temperature(K)  Pressure(Pa)    Density(kg/m3)  Mass(kg)        Volume(m3)      IntEnergy(J/kg) mdot_in(kg/s)   mdot_out(kg/s)  mdot_surf(kg/s) mdot(kg/s)      
1.00000000e-08  3.73150000e+02  1.01325000e+05  6.04897058e+00  6.04897058e-06  1.00000000e-06  -5.03057219e+05 0.00000000e+00  0.00000000e+00  0.00000000e+00  0.00000000e+00  
1.45000000e-08  3.73150000e+02  1.01325000e+05  6.04897058e+00  6.04897058e-06  1.00000000e-06  -5.03057306e+05 0.00000000e+00  0.00000000e+00  0.00000000e+00  0.00000000e+00  
1.90000000e-08  3.73150000e+02  1.01325000e+05  6.04897058e+00  6.04897058e-06  1.00000000e-06  -5.03057392e+05 0.00000000e+00  0.00000000e+00  0.00000000e+00  0.00000000e+00  
2.35000000e-08  3.73150000e+02  1.01325000e+05  6.04897058e+00  6.04897058e-06  1.00000000e-06  -5.03057479e+05 0.00000000e+00  0.00000000e+00  0.00000000e+00  0.00000000e+00  
2.80000000e-08  3.73150000e+02  1.01325000e+05  6.04897058e+00  6.04897058e-06  1.00000000e-06  -5.03057566e+05 0.00000000e+00  0.00000000e+00  0.00000000e+00  0.00000000e+00  
3.25000000e-08  3.73150000e+02  1.01325001e+05  6.04897058e+00  6.04897058e-06  1.00000000e-06  -5.03057653e+05 0.00000000e+00  0.00000000e+00  0.00000000e+00  0.00000000e+00  
3.70000000e-08  3.73150000e+02  1.01325001e+05  6.04897058e+00  6.04897058e-06  1.00000000e-06  -5.03057739e+05 0.00000000e+00  0.00000000e+00  0.00000000e+00  0.00000000e+00  
4.15000000e-08  3.73150000e+02  1.01325001e+05  6.04897058e+00  6.04897058e-06  1.00000000e-06  -5.03057826e+05 0.00000000e+00  0.00000000e+00  0.00000000e+00  0.00000000e+00  
4.60000000e-08  3.73150000e+02  1.01325001e+05  6.04897058e+00  6.04897058e-06  1.00000000e-06  -5.03057913e+05 0.00000000e+00  0.00000000e+00  0.00000000e+00  0.00000000e+00  
5.05000000e-08  3.73150000e+02  1.01325001e+05  6.04897058e+00  6.04897058e-06  1.00000000e-06  -5.03058000e+05 0.00000000e+00  0.00000000e+00  0.00000000e+00  0.00000000e+00  
5.50000000e-08  3.73150000e+02  1.01325001e+05  6.04897058e+00  6.04897058e-06  1.00000000e-06  -5.03058086e+05 0.00000000e+00  0.00000000e+00  0.00000000e+00  0.00000000e+00  
5.95000000e-08  3.73150000e+02  1.01325001e+05  6.04897058e+00  6.04897058e-06  1.00000000e-06  -5.03058173e+05 0.00000000e+00  0.00000000e+00  0.00000000e+00  0.00000000e+00  
6.40000000e-08  3.73150000e+02  1.01325001e+05  6.04897058e+00  6.04897058e-06  1.00000000e-06  -5.03058260e+05 0.00000000e+00  0.00000000e+00  0.00000000e+00  0.00000000e+00  
6.85000000e-08  3.73150000e+02  1.01325001e+05  6.04897058e+00  6.04897058e-06  1.00000000e-06  -5.03058347e+05 0.00000000e+00  0.00000000e+00  0.00000000e+00  0.00000000e+00  
7.30000000e-08  3.73150000e+02  1.01325001e+05  6.04897058e+00  6.04897058e-06  1.00000000e-06  -5.03058433e+05 0.00000000e+00  0.00000000e+00  0.00000000e+00  0.00000000e+00  
7.75000000e-08  3.73150000e+02  1.01325001e+05  6.04897058e+00  6.04897058e-06  1.00000000e-06  -5.03058520e+05 0.00000000e+00  0.00000000e+00  0.00000000e+00  0.00000000e+00  
8.20000000e-08  3.73150000e+02  1.01325001e+05  6.04897058e+00  6.04897058e-06  1.00000000e-06  -5.03058607e+05 0.00000000e+00  0.00000000e+00  0.00000000e+00  0.00000000e+00  
8.65000000e-08  3.73150000e+02  1.01325001e+05  6.04897058e+00  6.04897058e-06  1.00000000e-06  -5.03058694e+05 0.00000000e+00  0.00000000e+00  0.00000000e+00  0.00000000e+00  
9.10000000e-08  3.73150000e+02  1.01325002e+05  6.04897058e+00  6.04897058e-06  1.00000000e-06  -5.03058780e+05 0.00000000e+00  0.00000000e+00  0.00000000e+00  0.00000000e+00  
9.55000000e-08  3.73150000e+02  1.01325002e+05  6.04897058e+00  6.04897058e-06  1.00000000e-06  -5.03058867e+05 0.00000000e+00  0.00000000e+00  0.00000000e+00  0.00000000e+00  
1.00000000e-07  3.73150000e+02  1.01325002e+05  6.04897058e+00  6.04897058e-06  1.00000000e-06  -5.03058954e+05 0.00000000e+00  0.00000000e+00  0.00000000e+00  0.00000000e+00  
1.45000000e-07  3.73150000e+02  1.01325002e+05  6.04897058e+00  6.04897058e-06  1.00000000e-06  -5.03059822e+05 0.00000000e+00  0.00000000e+00  0.00000000e+00  0.00000000e+00  
1.90000000e-07  3.73150000e+02  1.01325003e+05  6.04897058e+00  6.04897058e-06  1.00000000e-06  -5.03060689e+05 0.00000000e+00  0.00000000e+00  0.00000000e+00  0.00000000e+00  
2.35000000e-07  3.73150000e+02  1.01325004e+05  6.04897058e+00  6.04897058e-06  1.00000000e-06  -5.03061557e+05 0.00000000e+00  0.00000000e+00  0.00000000e+00  0.00000000e+00  
2.80000000e-07  3.73150000e+02  1.01325005e+05  6.04897058e+00  6.04897058e-06  1.00000000e-06  -5.03062424e+05 0.00000000e+00  0.00000000e+00  0.00000000e+00  0.00000000e+00  
3.25000000e-07  3.73150000e+02  1.01325005e+05  6.04897058e+00  6.04897058e-06  1.00000000e-06  -5.03063292e+05 0.00000000e+00  0.00000000e+00  0.00000000e+00  0.00000000e+00  
3.70000000e-07  3.73150000e+02  1.01325006e+05  6.04897058e+00  6.04897058e-06  1.00000000e-06  -5.03064160e+05 0.00000000e+00  0.00000000e+00  0.00000000e+00  0.00000000e+00  
4.15000000e-07  3.73150000e+02  1.01325007e+05  6.04897058e+00  6.04897058e-06  1.00000000e-06  -5.03065027e+05 0.00000000e+00  0.00000000e+00  0.00000000e+00  0.00000000e+00  
4.60000000e-07  3.73150000e+02  1.01325008e+05  6.04897058e+00  6.04897058e-06  1.00000000e-06  -5.03065895e+05 0.00000000e+00  0.00000000e+00  0.00000000e+00  0.00000000e+00  
5.05000000e-07  3.73150000e+02  1.01325008e+05  6.04897058e+00  6.04897058e-06  1.00000000e-06  -5.03066762e+05 0.00000000e+00  0.00000000e+00  0.00000000e+00  0.00000000e+00  
5.50000000e-07  3.73150000e+02  1.01325009e+05  6.04897058e+00  6.04897058e-06  1.00000000e-06  -5.03067630e+05 0.00000000e+00  0.00000000e+00  0.00000000e+00  0.00000000e+00  
5.95000000e-07  3.73150000e+02  1.01325010e+05  6.04897058e+00  6.04897058e-06  1.00000000e-06  -5.03068497e+05 0.00000000e+00  0.00000000e+00  0.00000000e+00  0.00000000e+00  
6.40000000e-07  3.73150000e+02  1.01325011e+05  6.04897058e+00  6.04897058e-06  1.00000000e-06  -5.03069365e+05 0.00000000e+00  0.00000000e+00  0.00000000e+00  0.00000000e+00  
6.85000000e-07  3.73150000e+02  1.01325011e+05  6.04897058e+00  6.04897058e-06  1.00000000e-06  -5.03070233e+05 0.00000000e+00  0.00000000e+00  0.00000000e+00  0.00000000e+00  
7.30000000e-07  3.73150000e+02  1.01325012e+05  6.04897058e+00  6.04897058e-06  1.00000000e-06  -5.03071100e+05 0.00000000e+00  0.00000000e+00  0.00000000e+00  0.00000000e+00  
7.75000000e-07  3.73150000e+02  1.01325013e+05  6.04897058e+00  6.04897058e-06  1.00000000e-06  -5.03071968e+05 0.00000000e+00  0.00000000e+00  0.00000000e+00  0.00000000e+00  
8.20000000e-07  3.73150000e+02  1.01325014e+05  6.04897058e+00  6.04897058e-06  1.00000000e-06  -5.03072835e+05 0.00000000e+00  0.00000000e+00  0.00000000e+00  0.00000000e+00  
8.65000000e-07  3.73150000e+02  1.01325014e+05  6.04897058e+00  6.04897058e-06  1.00000000e-06  -5.03073703e+05 0.00000000e+00  0.00000000e+00  0.00000000e+00  0.00000000e+00  
9.10000000e-07  3.73150000e+02  1.01325015e+05  6.04897058e+00  6.04897058e-06  1.00000000e-06  -5.03074571e+05 0.00000000e+00  0.00000000e+00  0.00000000e+00  0.00000000e+00  
9.55000000e-07  3.73150000e+02  1.01325016e+05  6.04897058e+00  6.04897058e-06  1.00000000e-06  -5.03075438e+05 0.00000000e+00  0.00000000e+00  0.00000000e+00  0.00000000e+00  
1.00000000e-06  3.73150000e+02  1.01325017e+05  6.04897058e+00  6.04897058e-06  1.00000000e-06  -5.03076306e+05 0.00000000e+00  0.00000000e+00  0.00000000e+00  0.00000000e+00  
1.45000000e-06  3.73150000e+02  1.01325024e+05  6.04897058e+00  6.04897058e-06  1.00000000e-06  -5.03084982e+05 0.00000000e+00  0.00000000e+00  0.00000000e+00  0.00000000e+00  
1.90000000e-06  3.73150000e+02  1.01325032e+05  6.04897058e+00  6.04897058e-06  1.00000000e-06  -5.03093657e+05 0.00000000e+00  0.00000000e+00  0.00000000e+00  0.00000000e+00  
2.35000000e-06  3.73150000e+02  1.01325039e+05  6.04897058e+00  6.04897058e-06  1.00000000e-06  -5.03102333e+05 0.00000000e+00  0.00000000e+00  0.00000000e+00  0.00000000e+00  
2.80000000e-06  3.73150000e+02  1.01325046e+05  6.04897058e+00  6.04897058e-06  1.00000000e-06  -5.03111009e+05 0.00000000e+00  0.00000000e+00  0.00000000e+00  0.00000000e+00  
3.25000000e-06  3.73150000e+02  1.01325054e+05  6.04897058e+00  6.04897058e-06  1.00000000e-06  -5.03119684e+05 0.00000000e+00  0.00000000e+00  0.00000000e+00  0.00000000e+00  
3.70000000e-06  3.73150000e+02  1.01325061e+05  6.04897058e+00  6.04897058e-06  1.00000000e-06  -5.03128360e+05 0.00000000e+00  0.00000000e+00  0.00000000e+00  0.00000000e+00  
4.15000000e-06  3.73150000e+02  1.01325069e+05  6.04897058e+00  6.04897058e-06  1.00000000e-06  -5.03137036e+05 0.00000000e+00  0.00000000e+00  0.00000000e+00  0.00000000e+00  
4.60000000e-06  3.73150000e+02  1.01325076e+05  6.04897058e+00  6.04897058e-06  1.00000000e-06  -5.03145711e+05 0.00000000e+00  0.00000000e+00  0.00000000e+00  0.00000000e+00  
5.05000000e-06  3.73150000e+02  1.01325084e+05  6.04897058e+00  6.04897058e-06  1.00000000e-06  -5.03154387e+05 0.00000000e+00  0.00000000e+00  0.00000000e+00  0.00000000e+00  
5.50000000e-06  3.73150000e+02  1.01325091e+05  6.04897058e+00  6.04897058e-06  1.00000000e-06  -5.03163062e+05 0.00000000e+00  0.00000000e+00  0.00000000e+00  0.00000000e+00  
5.95000000e-06  3.73150000e+02  1.01325099e+05  6.04897058e+00  6.04897058e-06  1.00000000e-06  -5.03171738e+05 0.00000000e+00  0.00000000e+00  0.00000000e+00  0.00000000e+00  
6.40000000e-06  3.73150000e+02  1.01325106e+05  6.04897058e+00  6.04897058e-06  1.00000000e-06  -5.03180413e+05 0.00000000e+00  0.00000000e+00  0.00000000e+00  0.00000000e+00  
6.85000000e-06  3.73150000e+02  1.01325114e+05  6.04897058e+00  6.04897058e-06  1.00000000e-06  -5.03189088e+05 0.00000000e+00  0.00000000e+00  0.00000000e+00  0.00000000e+00  
7.30000000e-06  3.73150000e+02  1.01325121e+05  6.04897058e+00  6.04897058e-06  1.00000000e-06  -5.03197764e+05 0.00000000e+00  0.00000000e+00  0.00000000e+00  0.00000000e+00  
7.75000000e-06  3.73150000e+02  1.01325128e+05  6.04897058e+00  6.04897058e-06  1.00000000e-06  -5.03206439e+05 0.00000000e+00  0.00000000e+00  0.00000000e+00  0.00000000e+00  
8.20000000e-06  3.73150000e+02  1.01325136e+05  6.04897058e+00  6.04897058e-06  1.00000000e-06  -5.03215114e+05 0.00000000e+00  0.00000000e+00  0.00000000e+00  0.00000000e+00  
8.65000000e-06  3.73150000e+02  1.01325143e+05  6.04897058e+00  6.04897058e-06  1.00000000e-06  -5.03223789e+05 0.00000000e+00  0.00000000e+00  0.00000000e+00  0.00000000e+00  
9.10000000e-06  3.73150000e+02  1.01325151e+05  6.04897058e+00  6.04897058e-06  1.00000000e-06  -5.03232464e+05 0.00000000e+00  0.00000000e+00  0.00000000e+00  0.00000000e+00  
9.55000000e-06  3.73150000e+02  1.01325158e+05  6.04897058e+00  6.04897058e-06  1.00000000e-06  -5.03241140e+05 0.00000000e+00  0.00000000e+00  0.00000000e+00  0.00000000e+00  
1.00000000e-05  3.73150000e+02  1.01325166e+05  6.04897058e+00  6.04897058e-06  1.00000000e-06  -5.03249815e+05 0.00000000e+00  0.00000000e+00  0.00000000e+00  0.00000000e+00  
1.45000000e-05  3.73150000e+02  1.01325240e+05  6.04897058e+00  6.04897058e-06  1.00000000e-06  -5.03336563e+05 0.00000000e+00  0.00000000e+00  0.00000000e+00  0.00000000e+00  
1.90000000e-05  3.73150000e+02  1.01325315e+05  6.04897058e+00  6.04897058e-06  1.00000000e-06  -5.03423308e+05 0.00000000e+00  0.00000000e+00  0.00000000e+00  0.00000000e+00  
2.35000000e-05  3.73150000e+02  1.01325390e+05  6.04897058e+00  6.04897058e-06  1.00000000e-06  -5.03510049e+05 0.00000000e+00  0.00000000e+00  0.00000000e+00  0.00000000e+00  
2.80000000e-05  3.73150000e+02  1.01325464e+05  6.04897058e+00  6.04897058e-06  1.00000000e-06  -5.03596786e+05 0.00000000e+00  0.00000000e+00  0.00000000e+00  0.00000000e+00  
3.25000000e-05  3.73150000e+02  1.01325539e+05  6.04897058e+00  6.04897058e-06  1.00000000e-06  -5.03683519e+05 0.00000000e+00  0.00000000e+00  0.00000000e+00  0.00000000e+00  
3.70000000e-05  3.73150000e+02  1.01325613e+05  6.04897058e+00  6.04897058e-06  1.00000000e-06  -5.03770248e+05 0.00000000e+00  0.00000000e+00  0.00000000e+00  0.00000000e+00  
4.15000000e-05  3.73150000e+02  1.01325688e+05  6.04897058e+00  6.04897058e-06  1.00000000e-06  -5.03856973e+05 0.00000000e+00  0.00000000e+00  0.00000000e+00  0.00000000e+00  
4.60000000e-05  3.73150000e+02  1.01325763e+05  6.04897058e+00  6.04897058e-06  1.00000000e-06  -5.03943695e+05 0.00000000e+00  0.00000000e+00  0.00000000e+00  0.00000000e+00  
5.05000000e-05  3.73150000e+02  1.01325837e+05  6.04897058e+00  6.04897058e-06  1.00000000e-06  -5.04030412e+05 0.00000000e+00  0.00000000e+00  0.00000000e+00  0.00000000e+00  
5.50000000e-05  3.73150000e+02  1.01325912e+05  6.04897058e+00  6.04897058e-06  1.00000000e-06  -5.04117126e+05 0.00000000e+00  0.00000000e+00  0.00000000e+00  0.00000000e+00  
5.95000000e-05  3.73150000e+02  1.01325986e+05  6.04897058e+00  6.04897058e-06  1.00000000e-06  -5.04203836e+05 0.00000000e+00  0.00000000e+00  0.00000000e+00  0.00000000e+00  
6.40000000e-05  3.73150000e+02  1.01326061e+05  6.04897058e+00  6.04897058e-06  1.00000000e-06  -5.04290542e+05 0.00000000e+00  0.00000000e+00  0.00000000e+00  0.00000000e+00  
6.85000000e-05  3.73150000e+02  1.01326135e+05  6.04897058e+00  6.04897058e-06  1.00000000e-06  -5.04377244e+05 0.00000000e+00  0.00000000e+00  0.00000000e+00  0.00000000e+00  
7.30000000e-05  3.73150000e+02  1.01326210e+05  6.04897058e+00  6.04897058e-06  1.00000000e-06  -5.04463942e+05 0.00000000e+00  0.00000000e+00  0.00000000e+00  0.00000000e+00  
7.75000000e-05  3.73150000e+02  1.01326285e+05  6.04897058e+00  6.04897058e-06  1.00000000e-06  -5.04550636e+05 0.00000000e+00  0.00000000e+00  0.00000000e+00  0.00000000e+00  
8.20000000e-05  3.73150000e+02  1.01326359e+05  6.04897058e+00  6.04897058e-06  1.00000000e-06  -5.04637327e+05 0.00000000e+00  0.00000000e+00  0.00000000e+00  0.00000000e+00  
8.65000000e-05  3.73150000e+02  1.01326434e+05  6.04897058e+00  6.04897058e-06  1.00000000e-06  -5.04724013e+05 0.00000000e+00  0.00000000e+00  0.00000000e+00  0.00000000e+00  
9.10000000e-05  3.73150000e+02  1.01326508e+05  6.04897058e+00  6.04897058e-06  1.00000000e-06  -5.04810696e+05 0.00000000e+00  0.00000000e+00  0.00000000e+00  0.00000000e+00  
9.55000000e-05  3.73150000e+02  1.01326583e+05  6.04897058e+00  6.04897058e-06  1.00000000e-06  -5.04897374e+05 0.00000000e+00  0.00000000e+00  0.00000000e+00  0.00000000e+00  
1.00000000e-04  3.73150000e+02  1.01326657e+05  6.04897058e+00  6.04897058e-06  1.00000000e-06  -5.04984049e+05 0.00000000e+00  0.00000000e+00  0.00000000e+00  0.00000000e+00  
1.45000000e-04  3.73150000e+02  1.01327402e+05  6.04897058e+00  6.04897058e-06  1.00000000e-06  -5.05850584e+05 0.00000000e+00  0.00000000e+00  0.00000000e+00  0.00000000e+00  
1.90000000e-04  3.73150000e+02  1.01328147e+05  6.04897058e+00  6.04897058e-06  1.00000000e-06  -5.06716732e+05 0.00000000e+00  0.00000000e+00  0.00000000e+00  0.00000000e+00  
2.35000000e-04  3.73150000e+02  1.01328892e+05  6.04897058e+00  6.04897058e-06  1.00000000e-06  -5.07582492e+05 0.00000000e+00  0.00000000e+00  0.00000000e+00  0.00000000e+00  
2.80000000e-04  3.73150000e+02  1.01329636e+05  6.04897058e+00  6.04897058e-06  1.00000000e-06  -5.08447864e+05 0.00000000e+00  0.00000000e+00  0.00000000e+00  0.00000000e+00  
3.25000000e-04  3.73150000e+02  1.01330380e+05  6.04897058e+00  6.04897058e-06  1.00000000e-06  -5.09312850e+05 0.00000000e+00  0.00000000e+00  0.00000000e+00  0.00000000e+00  
3.70000000e-04  3.73150000e+02  1.01331124e+05  6.04897058e+00  6.04897058e-06  1.00000000e-06  -5.10177449e+05 0.00000000e+00  0.00000000e+00  0.00000000e+00  0.00000000e+00  
4.15000000e-04  3.73150000e+02  1.01331867e+05  6.04897058e+00  6.04897058e-06  1.00000000e-06  -5.11041661e+05 0.00000000e+00  0.00000000e+00  0.00000000e+00  0.00000000e+00  
4.60000000e-04  3.73150000e+02  1.01332610e+05  6.04897058e+00  6.04897058e-06  1.00000000e-06  -5.11905488e+05 0.00000000e+00  0.00000000e+00  0.00000000e+00  0.00000000e+00  
5.05000000e-04  3.73150000e+02  1.01333352e+05  6.04897058e+00  6.04897058e-06  1.00000000e-06  -5.12768928e+05 0.00000000e+00  0.00000000e+00  0.00000000e+00  0.00000000e+00  
5.50000000e-04  3.73150000e+02  1.01334094e+05  6.04897058e+00  6.04897058e-06  1.00000000e-06  -5.13631983e+05 0.00000000e+00  0.00000000e+00  0.00000000e+00  0.00000000e+00  
5.95000000e-04  3.73150000e+02  1.01334836e+05  6.04897058e+00  6.04897058e-06  1.00000000e-06  -5.14494652e+05 0.00000000e+00  0.00000000e+00  0.00000000e+00  0.00000000e+00  
6.40000000e-04  3.73150000e+02  1.01335578e+05  6.04897058e+00  6.04897058e-06  1.00000000e-06  -5.15356936e+05 0.00000000e+00  0.00000000e+00  0.00000000e+00  0.00000000e+00  
6.85000000e-04  3.73150000e+02  1.01336319e+05  6.04897058e+00  6.04897058e-06  1.00000000e-06  -5.16218835e+05 0.00000000e+00  0.00000000e+00  0.00000000e+00  0.00000000e+00  
7.30000000e-04  3.73150000e+02  1.01337060e+05  6.04897058e+00  6.04897058e-06  1.00000000e-06  -5.17080350e+05 0.00000000e+00  0.00000000e+00  0.00000000e+00  0.00000000e+00  
7.75000000e-04  3.73150000e+02  1.01337801e+05  6.04897058e+00  6.04897058e-06  1.00000000e-06  -5.17941480e+05 0.00000000e+00  0.00000000e+00  0.00000000e+00  0.00000000e+00  
8.20000000e-04  3.73150000e+02  1.01338541e+05  6.04897058e+00  6.04897058e-06  1.00000000e-06  -5.18802226e+05 0.00000000e+00  0.00000000e+00  0.00000000e+00  0.00000000e+00  
8.65000000e-04  3.73150000e+02  1.01339281e+05  6.04897058e+00  6.04897058e-06  1.00000000e-06  -5.19662588e+05 0.00000000e+00  0.00000000e+00  0.00000000e+00  0.00000000e+00  
9.10000000e-04  3.73150000e+02  1.01340020e+05  6.04897058e+00  6.04897058e-06  1.00000000e-06  -5.20522567e+05 0.00000000e+00  0.00000000e+00  0.00000000e+00  0.00000000e+00  
9.55000000e-04  3.73150000e+02  1.01340760e+05  6.04897058e+00  6.04897058e-06  1.00000000e-06  -5.21382162e+05 0.00000000e+00  0.00000000e+00  0.00000000e+00  0.00000000e+00  
1.00000000e-03  3.73150000e+02  1.01341499e+05  6.04897058e+00  6.04897058e-06  1.00000000e-06  -5.22241374e+05 0.00000000e+00  0.00000000e+00  0.00000000e+00  0.00000000e+00  
1.45000000e-03  3.73150000e+02  1.01348870e+05  6.04897058e+00  6.04897058e-06  1.00000000e-06  -5.30812480e+05 0.00000000e+00  0.00000000e+00  0.00000000e+00  0.00000000e+00  
1.90000000e-03  3.73150000e+02  1.01356208e+05  6.04897058e+00  6.04897058e-06  1.00000000e-06  -5.39345556e+05 0.00000000e+00  0.00000000e+00  0.00000000e+00  0.00000000e+00  
2.35000000e-03  3.73150000e+02  1.01363514e+05  6.04897058e+00  6.04897058e-06  1.00000000e-06  -5.47840854e+05 0.00000000e+00  0.00000000e+00  0.00000000e+00  0.00000000e+00  
2.80000000e-03  3.73150000e+02  1.01370788e+05  6.04897058e+00  6.04897058e-06  1.00000000e-06  -5.56298624e+05 0.00000000e+00  0.00000000e+00  0.00000000e+00  0.00000000e+00  
3.25000000e-03  3.73150000e+02  1.01378029e+05  6.04897058e+00  6.04897058e-06  1.00000000e-06  -5.64719115e+05 0.00000000e+00  0.00000000e+00  0.00000000e+00  0.00000000e+00  
3.70000000e-03  3.73150000e+02  1.01385239e+05  6.04897058e+00  6.04897058e-06  1.00000000e-06  -5.73102572e+05 0.00000000e+00  0.00000000e+00  0.00000000e+00  0.00000000e+00  
4.15000000e-03  3.73150000e+02  1.01392417e+05  6.04897058e+00  6.04897058e-06  1.00000000e-06  -5.81449241e+05 0.00000000e+00  0.00000000e+00  0.00000000e+00  0.00000000e+00  
4.60000000e-03  3.73150000e+02  1.01399564e+05  6.04897058e+00  6.04897058e-06  1.00000000e-06  -5.89759361e+05 0.00000000e+00  0.00000000e+00  0.00000000e+00  0.00000000e+00  
5.05000000e-03  3.73150000e+02  1.01406680e+05  6.04897058e+00  6.04897058e-06  1.00000000e-06  -5.98033174e+05 0.00000000e+00  0.00000000e+00  0.00000000e+00  0.00000000e+00  
5.50000000e-03  3.73150000e+02  1.01413764e+05  6.04897058e+00  6.04897058e-06  1.00000000e-06  -6.06270915e+05 0.00000000e+00  0.00000000e+00  0.00000000e+00  0.00000000e+00  
5.95000000e-03  3.73150000e+02  1.01420818e+05  6.04897058e+00  6.04897058e-06  1.00000000e-06  -6.14472820e+05 0.00000000e+00  0.00000000e+00  0.00000000e+00  0.00000000e+00  
6.40000000e-03  3.73150000e+02  1.01427841e+05  6.04897058e+00  6.04897058e-06  1.00000000e-06  -6.22639124e+05 0.00000000e+00  0.00000000e+00  0.00000000e+00  0.00000000e+00  
6.85000000e-03  3.73150000e+02  1.01434833e+05  6.04897058e+00  6.04897058e-06  1.00000000e-06  -6.30770056e+05 0.00000000e+00  0.00000000e+00  0.00000000e+00  0.00000000e+00  
7.30000000e-03  3.73150000e+02  1.01441796e+05  6.04897058e+00  6.04897058e-06  1.00000000e-06  -6.38865847e+05 0.00000000e+00  0.00000000e+00  0.00000000e+00  0.00000000e+00  
7.75000000e-03  3.73150000e+02  1.01448728e+05  6.04897058e+00  6.04897058e-06  1.00000000e-06  -6.46926724e+05 0.00000000e+00  0.00000000e+00  0.00000000e+00  0.00000000e+00  
8.20000000e-03  3.73150000e+02  1.01455631e+05  6.04897058e+00  6.04897058e-06  1.00000000e-06  -6.54952912e+05 0.00000000e+00  0.00000000e+00  0.00000000e+00  0.00000000e+00  
8.65000000e-03  3.73150000e+02  1.01462503e+05  6.04897058e+00  6.04897058e-06  1.00000000e-06  -6.62944635e+05 0.00000000e+00  0.00000000e+00  0.00000000e+00  0.00000000e+00  
9.10000000e-03  3.73150000e+02  1.01469347e+05  6.04897058e+00  6.04897058e-06  1.00000000e-06  -6.70902114e+05 0.00000000e+00  0.00000000e+00  0.00000000e+00  0.00000000e+00  
9.55000000e-03  3.73150000e+02  1.01476161e+05  6.04897058e+00  6.04897058e-06  1.00000000e-06  -6.78825569e+05 0.00000000e+00  0.00000000e+00  0.00000000e+00  0.00000000e+00  
1.00000000e-02  3.73150000e+02  1.01482946e+05  6.04897058e+00  6.04897058e-06  1.00000000e-06  -6.86715216e+05 0.00000000e+00  0.00000000e+00  0.00000000e+00  0.00000000e+00  
1.45000000e-02  3.73150000e+02  1.01549238e+05  6.04897058e+00  6.04897058e-06  1.00000000e-06  -7.63798925e+05 0.00000000e+00  0.00000000e+00  0.00000000e+00  0.00000000e+00  
1.90000000e-02  3.73150000e+02  1.01612818e+05  6.04897058e+00  6.04897058e-06  1.00000000e-06  -8.37728317e+05 0.00000000e+00  0.00000000e+00  0.00000000e+00  0.00000000e+00  
2.35000000e-02  3.73150000e+02  1.01673847e+05  6.04897058e+00  6.04897058e-06  1.00000000e-06  -9.08693130e+05 0.00000000e+00  0.00000000e+00  0.00000000e+00  0.00000000e+00  
2.80000000e-02  3.73150000e+02  1.01732478e+05  6.04897058e+00  6.04897058e-06  1.00000000e-06  -9.76868176e+05 0.00000000e+00  0.00000000e+00  0.00000000e+00  0.00000000e+00  
3.25000000e-02  3.73150000e+02  1.01788848e+05  6.04897058e+00  6.04897058e-06  1.00000000e-06  -1.04241480e+06 0.00000000e+00  0.00000000e+00  0.00000000e+00  0.00000000e+00  
3.70000000e-02  3.73150000e+02  1.01843086e+05  6.04897058e+00  6.04897058e-06  1.00000000e-06  -1.10548212e+06 0.00000000e+00  0.00000000e+00  0.00000000e+00  0.00000000e+00  
4.15000000e-02  3.73150000e+02  1.01895311e+05  6.04897058e+00  6.04897058e-06  1.00000000e-06  -1.16620820e+06 0.00000000e+00  0.00000000e+00  0.00000000e+00  0.00000000e+00  
4.60000000e-02  3.73150000e+02  1.01945632e+05  6.04897058e+00  6.04897058e-06  1.00000000e-06  -1.22472103e+06 0.00000000e+00  0.00000000e+00  0.00000000e+00  0.00000000e+00  
5.05000000e-02  3.73150000e+02  1.01994151e+05  6.04897058e+00  6.04897058e-06  1.00000000e-06  -1.28113945e+06 0.00000000e+00  0.00000000e+00  0.00000000e+00  0.00000000e+00  
5.50000000e-02  3.73150000e+02  1.02040965e+05  6.04897058e+00  6.04897058e-06  1.00000000e-06  -1.33557393e+06 0.00000000e+00  0.00000000e+00  0.00000000e+00  0.00000000e+00  
5.95000000e-02  3.73150000e+02  1.02086161e+05  6.04897058e+00  6.04897058e-06  1.00000000e-06  -1.38812730e+06 0.00000000e+00  0.00000000e+00  0.00000000e+00  0.00000000e+00  
6.40000000e-02  3.73150000e+02  1.02129822e+05  6.04897058e+00  6.04897058e-06  1.00000000e-06  -1.43889543e+06 0.00000000e+00  0.00000000e+00  0.00000000e+00  0.00000000e+00  
6.85000000e-02  3.73150000e+02  1.02172024e+05  6.04897058e+00  6.04897058e-06  1.00000000e-06  -1.48796777e+06 0.00000000e+00  0.00000000e+00  0.00000000e+00  0.00000000e+00  
7.30000000e-02  3.73150000e+02  1.02212840e+05  6.04897058e+00  6.04897058e-06  1.00000000e-06  -1.53542787e+06 0.00000000e+00  0.00000000e+00  0.00000000e+00  0.00000000e+00  
7.75000000e-02  3.73150000e+02  1.02252336e+05  6.04897058e+00  6.04897058e-06  1.00000000e-06  -1.58135391e+06 0.00000000e+00  0.00000000e+00  0.00000000e+00  0.00000000e+00  
8.20000000e-02  3.73150000e+02  1.02290576e+05  6.04897058e+00  6.04897058e-06  1.00000000e-06  -1.62581908e+06 0.00000000e+00  0.00000000e+00  0.00000000e+00  0.00000000e+00  
8.65000000e-02  3.73150000e+02  1.02327619e+05  6.04897058e+00  6.04897058e-06  1.00000000e-06  -1.66889201e+06 0.00000000e+00  0.00000000e+00  0.00000000e+00  0.00000000e+00  
9.10000000e-02  3.73150000e+02  1.02363520e+05  6.04897058e+00  6.04897058e-06  1.00000000e-06  -1.71063706e+06 0.00000000e+00  0.00000000e+00  0.00000000e+00  0.00000000e+00  
9.55000000e-02  3.73150000e+02  1.02398331e+05  6.04897058e+00  6.04897058e-06  1.00000000e-06  -1.75111471e+06 0.00000000e+00  0.00000000e+00  0.00000000e+00  0.00000000e+00  
1.00000000e-01  3.73150000e+02  1.02432100e+05  6.04897058e+00  6.04897058e-06  1.00000000e-06  -1.79038182e+06 0.00000000e+00  0.00000000e+00  0.00000000e+00  0.00000000e+00  
1.45000000e-01  3.73150000e+02  1.02721477e+05  6.04897058e+00  6.04897058e-06  1.00000000e-06  -2.12686591e+06 0.00000000e+00  0.00000000e+00  0.00000000e+00  0.00000000e+00  
1.90000000e-01  3.73150000e+02  1.02944234e+05  6.04897058e+00  6.04897058e-06  1.00000000e-06  -2.38588617e+06 0.00000000e+00  0.00000000e+00  0.00000000e+00  0.00000000e+00  
2.35000000e-01  3.73150000e+02  1.03121003e+05  6.04897058e+00  6.04897058e-06  1.00000000e-06  -2.59143136e+06 0.00000000e+00  0.00000000e+00  0.00000000e+00  0.00000000e+00  
2.80000000e-01  3.73150000e+02  1.03264693e+05  6.04897058e+00  6.04897058e-06  1.00000000e-06  -2.75851198e+06 0.00000000e+00  0.00000000e+00  0.00000000e+00  0.00000000e+00  
3.25000000e-01  3.73150000e+02  1.03383794e+05  6.04897058e+00  6.04897058e-06  1.00000000e-06  -2.89700131e+06 0.00000000e+00  0.00000000e+00  0.00000000e+00  0.00000000e+00  
3.70000000e-01  3.73150000e+02  1.03484120e+05  6.04897058e+00  6.04897058e-06  1.00000000e-06  -3.01365984e+06 0.00000000e+00  0.00000000e+00  0.00000000e+00  0.00000000e+00  
4.15000000e-01  3.73150000e+02  1.03569787e+05  6.04897058e+00  6.04897058e-06  1.00000000e-06  -3.11327239e+06 0.00000000e+00  0.00000000e+00  0.00000000e+00  0.00000000e+00  
4.60000000e-01  3.73150000e+02  1.03643789e+05  6.04897058e+00  6.04897058e-06  1.00000000e-06  -3.19932069e+06 0.00000000e+00  0.00000000e+00  0.00000000e+00  0.00000000e+00  
5.05000000e-01  3.73150000e+02  1.03708356e+05  6.04897058e+00  6.04897058e-06  1.00000000e-06  -3.27439868e+06 0.00000000e+00  0.00000000e+00  0.00000000e+00  0.00000000e+00  
5.50000000e-01  3.73150000e+02  1.03765185e+05  6.04897058e+00  6.04897058e-06  1.00000000e-06  -3.34047858e+06 0.00000000e+00  0.00000000e+00  0.00000000e+00  0.00000000e+00  
5.95000000e-01  3.73150000e+02  1.03815588e+05  6.04897058e+00  6.04897058e-06  1.00000000e-06  -3.39908655e+06 0.00000000e+00  0.00000000e+00  0.00000000e+00  0.00000000e+00  
6.40000000e-01  3.73150000e+02  1.03860596e+05  6.04897058e+00  6.04897058e-06  1.00000000e-06  -3.45142211e+06 0.00000000e+00  0.00000000e+00  0.00000000e+00  0.00000000e+00  
6.85000000e-01  3.73150000e+02  1.03901033e+05  6.04897058e+00  6.04897058e-06  1.00000000e-06  -3.49844104e+06 0.00000000e+00  0.00000000e+00  0.00000000e+00  0.00000000e+00  
7.30000000e-01  3.73150000e+02  1.03937560e+05  6.04897058e+00  6.04897058e-06  1.00000000e-06  -3.54091434e+06 0.00000000e+00  0.00000000e+00  0.00000000e+00  0.00000000e+00  
7.75000000e-01  3.73150000e+02  1.03970718e+05  6.04897058e+00  6.04897058e-06  1.00000000e-06  -3.57947080e+06 0.00000000e+00  0.00000000e+00  0.00000000e+00  0.00000000e+00  
8.20000000e-01  3.73150000e+02  1.04000954e+05  6.04897058e+00  6.04897058e-06  1.00000000e-06  -3.61462834e+06 0.00000000e+00  0.00000000e+00  0.00000000e+00  0.00000000e+00  
8.65000000e-01  3.73150000e+02  1.04028636e+05  6.04897058e+00  6.04897058e-06  1.00000000e-06  -3.64681742e+06 0.00000000e+00  0.00000000e+00  0.00000000e+00  0.00000000e+00  
9.10000000e-01  3.73150000e+02  1.04054076e+05  6.04897058e+00  6.04897058e-06  1.00000000e-06  -3.67639879e+06 0.00000000e+00  0.00000000e+00  0.00000000e+00  0.00000000e+00  
9.55000000e-01  3.73150000e+02  1.04077536e+05  6.04897058e+00  6.04897058e-06  1.00000000e-06  -3.70367699e+06 0.00000000e+00  0.00000000e+00  0.00000000e+00  0.00000000e+00  
1.00000000e+00  3.73150000e+02  1.04099237e+05  6.04897058e+00  6.04897058e-06  1.00000000e-06  -3.72891093e+06 0.00000000e+00  0.00000000e+00  0.00000000e+00  0.00000000e+00  
1.45000000e+00  3.73150000e+02  1.04251182e+05  6.04897058e+00  6.04897058e-06  1.00000000e-06  -3.90559147e+06 0.00000000e+00  0.00000000e+00  0.00000000e+00  0.00000000e+00  
1.90000000e+00  3.73150000e+02  1.04338037e+05  6.04897058e+00  6.04897058e-06  1.00000000e-06  -4.00658559e+06 0.00000000e+00  0.00000000e+00  0.00000000e+00  0.00000000e+00  
2.35000000e+00  3.73150000e+02  1.04394249e+05  6.04897058e+00  6.04897058e-06  1.00000000e-06  -4.07194783e+06 0.00000000e+00  0.00000000e+00  0.00000000e+00  0.00000000e+00  
2.80000000e+00  3.73150000e+02  1.04433602e+05  6.04897058e+00  6.04897058e-06  1.00000000e-06  -4.11770752e+06 0.00000000e+00  0.00000000e+00  0.00000000e+00  0.00000000e+00  
3.00000000e+00  3.73150000e+02  1.04447541e+05  6.04897058e+00  6.04897058e-06  1.00000000e-06  -4.13391529e+06 0.00000000e+00  0.00000000e+00  0.00000000e+00  0.00000000e+00  
