# Transient Surface Coverages of Surface Species
t(s)            
1.00000000e-08  
1.45000000e-08  
1.90000000e-08  
2.35000000e-08  
2.80000000e-08  
3.25000000e-08  
3.70000000e-08  
4.15000000e-08  
4.60000000e-08  
5.05000000e-08  
5.50000000e-08  
5.95000000e-08  
6.40000000e-08  
6.85000000e-08  
7.30000000e-08  
7.75000000e-08  
8.20000000e-08  
8.65000000e-08  
9.10000000e-08  
9.55000000e-08  
1.00000000e-07  
1.45000000e-07  
1.90000000e-07  
2.35000000e-07  
2.80000000e-07  
3.25000000e-07  
3.70000000e-07  
4.15000000e-07  
4.60000000e-07  
5.05000000e-07  
5.50000000e-07  
5.95000000e-07  
6.40000000e-07  
6.85000000e-07  
7.30000000e-07  
7.75000000e-07  
8.20000000e-07  
8.65000000e-07  
9.10000000e-07  
9.55000000e-07  
1.00000000e-06  
1.45000000e-06  
1.90000000e-06  
2.35000000e-06  
2.80000000e-06  
3.25000000e-06  
3.70000000e-06  
4.15000000e-06  
4.60000000e-06  
5.05000000e-06  
5.50000000e-06  
5.95000000e-06  
6.40000000e-06  
6.85000000e-06  
7.30000000e-06  
7.75000000e-06  
8.20000000e-06  
8.65000000e-06  
9.10000000e-06  
9.55000000e-06  
1.00000000e-05  
1.45000000e-05  
1.90000000e-05  
2.35000000e-05  
2.80000000e-05  
3.25000000e-05  
3.70000000e-05  
4.15000000e-05  
4.60000000e-05  
5.05000000e-05  
5.50000000e-05  
5.95000000e-05  
6.40000000e-05  
6.85000000e-05  
7.30000000e-05  
7.75000000e-05  
8.20000000e-05  
8.65000000e-05  
9.10000000e-05  
9.55000000e-05  
1.00000000e-04  
1.45000000e-04  
1.90000000e-04  
2.35000000e-04  
2.80000000e-04  
3.25000000e-04  
3.70000000e-04  
4.15000000e-04  
4.60000000e-04  
5.05000000e-04  
5.50000000e-04  
5.95000000e-04  
6.40000000e-04  
6.85000000e-04  
7.30000000e-04  
7.75000000e-04  
8.20000000e-04  
8.65000000e-04  
9.10000000e-04  
9.55000000e-04  
1.00000000e-03  
1.45000000e-03  
1.90000000e-03  
2.35000000e-03  
2.80000000e-03  
3.25000000e-03  
3.70000000e-03  
4.15000000e-03  
4.60000000e-03  
5.05000000e-03  
5.50000000e-03  
5.95000000e-03  
6.40000000e-03  
6.85000000e-03  
7.30000000e-03  
7.75000000e-03  
8.20000000e-03  
8.65000000e-03  
9.10000000e-03  
9.55000000e-03  
1.00000000e-02  
1.45000000e-02  
1.90000000e-02  
2.35000000e-02  
2.80000000e-02  
3.25000000e-02  
3.70000000e-02  
4.15000000e-02  
4.60000000e-02  
5.05000000e-02  
5.50000000e-02  
5.95000000e-02  
6.40000000e-02  
6.85000000e-02  
7.30000000e-02  
7.75000000e-02  
8.20000000e-02  
8.65000000e-02  
9.10000000e-02  
9.55000000e-02  
1.00000000e-01  
1.45000000e-01  
1.90000000e-01  
2.35000000e-01  
2.80000000e-01  
3.25000000e-01  
3.70000000e-01  
4.15000000e-01  
4.60000000e-01  
5.05000000e-01  
5.50000000e-01  
5.95000000e-01  
6.40000000e-01  
6.85000000e-01  
7.30000000e-01  
7.75000000e-01  
8.20000000e-01  
8.65000000e-01  
9.10000000e-01  
9.55000000e-01  
1.00000000e+00  
1.45000000e+00  
1.90000000e+00  
2.35000000e+00  
2.80000000e+00  
3.25000000e+00  
3.70000000e+00  
4.15000000e+00  
4.60000000e+00  
5.05000000e+00  
5.50000000e+00  
5.95000000e+00  
6.40000000e+00  
6.85000000e+00  
7.30000000e+00  
7.75000000e+00  
8.20000000e+00  
8.65000000e+00  
9.10000000e+00  
9.55000000e+00  
1.00000000e+01  
1.45000000e+01  
1.90000000e+01  
2.35000000e+01  
2.80000000e+01  
3.25000000e+01  
3.70000000e+01  
4.15000000e+01  
4.60000000e+01  
5.05000000e+01  
5.50000000e+01  
5.95000000e+01  
6.40000000e+01  
6.85000000e+01  
7.30000000e+01  
7.75000000e+01  
8.20000000e+01  
8.65000000e+01  
9.10000000e+01  
9.55000000e+01  
1.00000000e+02  
1.45000000e+02  
1.90000000e+02  
2.35000000e+02  
2.80000000e+02  
3.25000000e+02  
3.70000000e+02  
4.15000000e+02  
4.60000000e+02  
5.05000000e+02  
5.50000000e+02  
5.95000000e+02  
6.40000000e+02  
6.85000000e+02  
7.30000000e+02  
7.75000000e+02  
8.20000000e+02  
8.65000000e+02  
9.10000000e+02  
9.55000000e+02  
1.00000000e+03  
1.45000000e+03  
1.90000000e+03  
2.35000000e+03  
2.80000000e+03  
3.25000000e+03  
3.70000000e+03  
4.15000000e+03  
4.60000000e+03  
5.05000000e+03  
5.50000000e+03  
5.95000000e+03  
6.40000000e+03  
6.85000000e+03  
7.30000000e+03  
7.75000000e+03  
8.20000000e+03  
8.65000000e+03  
9.10000000e+03  
9.55000000e+03  
1.00000000e+04  
1.45000000e+04  
1.90000000e+04  
2.35000000e+04  
2.80000000e+04  
3.25000000e+04  
3.70000000e+04  
4.00000000e+04  
