t(s)            Temperature(K)  Pressure(Pa)    Density(kg/m3)  Mass(kg)        Volume(m3)      IntEnergy(J/kg) mdot_in(kg/s)   mdot_out(kg/s)  mdot_surf(kg/s) mdot(kg/s)      
1.00000000e-08  3.73150000e+02  1.01325155e+05  6.04897058e+00  6.04897058e-06  1.00000000e-06  -5.03080502e+05 0.00000000e+00  0.00000000e+00  0.00000000e+00  0.00000000e+00  
1.45000000e-08  3.73150000e+02  1.01325225e+05  6.04897058e+00  6.04897058e-06  1.00000000e-06  -5.03091066e+05 0.00000000e+00  0.00000000e+00  0.00000000e+00  0.00000000e+00  
1.90000000e-08  3.73150000e+02  1.01325295e+05  6.04897058e+00  6.04897058e-06  1.00000000e-06  -5.03101629e+05 0.00000000e+00  0.00000000e+00  0.00000000e+00  0.00000000e+00  
2.35000000e-08  3.73150000e+02  1.01325364e+05  6.04897058e+00  6.04897058e-06  1.00000000e-06  -5.03112193e+05 0.00000000e+00  0.00000000e+00  0.00000000e+00  0.00000000e+00  
2.80000000e-08  3.73150000e+02  1.01325434e+05  6.04897058e+00  6.04897058e-06  1.00000000e-06  -5.03122757e+05 0.00000000e+00  0.00000000e+00  0.00000000e+00  0.00000000e+00  
3.25000000e-08  3.73150000e+02  1.01325504e+05  6.04897058e+00  6.04897058e-06  1.00000000e-06  -5.03133320e+05 0.00000000e+00  0.00000000e+00  0.00000000e+00  0.00000000e+00  
3.70000000e-08  3.73150000e+02  1.01325574e+05  6.04897058e+00  6.04897058e-06  1.00000000e-06  -5.03143884e+05 0.00000000e+00  0.00000000e+00  0.00000000e+00  0.00000000e+00  
4.15000000e-08  3.73150000e+02  1.01325643e+05  6.04897058e+00  6.04897058e-06  1.00000000e-06  -5.03154447e+05 0.00000000e+00  0.00000000e+00  0.00000000e+00  0.00000000e+00  
4.60000000e-08  3.73150000e+02  1.01325713e+05  6.04897058e+00  6.04897058e-06  1.00000000e-06  -5.03165010e+05 0.00000000e+00  0.00000000e+00  0.00000000e+00  0.00000000e+00  
5.05000000e-08  3.73150000e+02  1.01325783e+05  6.04897058e+00  6.04897058e-06  1.00000000e-06  -5.03175573e+05 0.00000000e+00  0.00000000e+00  0.00000000e+00  0.00000000e+00  
5.50000000e-08  3.73150000e+02  1.01325853e+05  6.04897058e+00  6.04897058e-06  1.00000000e-06  -5.03186137e+05 0.00000000e+00  0.00000000e+00  0.00000000e+00  0.00000000e+00  
5.95000000e-08  3.73150000e+02  1.01325922e+05  6.04897058e+00  6.04897058e-06  1.00000000e-06  -5.03196700e+05 0.00000000e+00  0.00000000e+00  0.00000000e+00  0.00000000e+00  
6.40000000e-08  3.73150000e+02  1.01325992e+05  6.04897058e+00  6.04897058e-06  1.00000000e-06  -5.03207263e+05 0.00000000e+00  0.00000000e+00  0.00000000e+00  0.00000000e+00  
6.85000000e-08  3.73150000e+02  1.01326062e+05  6.04897058e+00  6.04897058e-06  1.00000000e-06  -5.03217825e+05 0.00000000e+00  0.00000000e+00  0.00000000e+00  0.00000000e+00  
7.30000000e-08  3.73150000e+02  1.01326132e+05  6.04897058e+00  6.04897058e-06  1.00000000e-06  -5.03228388e+05 0.00000000e+00  0.00000000e+00  0.00000000e+00  0.00000000e+00  
7.75000000e-08  3.73150000e+02  1.01326202e+05  6.04897058e+00  6.04897058e-06  1.00000000e-06  -5.03238951e+05 0.00000000e+00  0.00000000e+00  0.00000000e+00  0.00000000e+00  
8.20000000e-08  3.73150000e+02  1.01326271e+05  6.04897058e+00  6.04897058e-06  1.00000000e-06  -5.03249513e+05 0.00000000e+00  0.00000000e+00  0.00000000e+00  0.00000000e+00  
8.65000000e-08  3.73150000e+02  1.01326341e+05  6.04897058e+00  6.04897058e-06  1.00000000e-06  -5.03260076e+05 0.00000000e+00  0.00000000e+00  0.00000000e+00  0.00000000e+00  
9.10000000e-08  3.73150000e+02  1.01326411e+05  6.04897058e+00  6.04897058e-06  1.00000000e-06  -5.03270638e+05 0.00000000e+00  0.00000000e+00  0.00000000e+00  0.00000000e+00  
9.55000000e-08  3.73150000e+02  1.01326481e+05  6.04897058e+00  6.04897058e-06  1.00000000e-06  -5.03281201e+05 0.00000000e+00  0.00000000e+00  0.00000000e+00  0.00000000e+00  
1.00000000e-07  3.73150000e+02  1.01326550e+05  6.04897058e+00  6.04897058e-06  1.00000000e-06  -5.03291763e+05 0.00000000e+00  0.00000000e+00  0.00000000e+00  0.00000000e+00  
1.45000000e-07  3.73150000e+02  1.01327248e+05  6.04897058e+00  6.04897058e-06  1.00000000e-06  -5.03397381e+05 0.00000000e+00  0.00000000e+00  0.00000000e+00  0.00000000e+00  
1.90000000e-07  3.73150000e+02  1.01327945e+05  6.04897058e+00  6.04897058e-06  1.00000000e-06  -5.03502990e+05 0.00000000e+00  0.00000000e+00  0.00000000e+00  0.00000000e+00  
2.35000000e-07  3.73150000e+02  1.01328643e+05  6.04897058e+00  6.04897058e-06  1.00000000e-06  -5.03608591e+05 0.00000000e+00  0.00000000e+00  0.00000000e+00  0.00000000e+00  
2.80000000e-07  3.73150000e+02  1.01329340e+05  6.04897058e+00  6.04897058e-06  1.00000000e-06  -5.03714183e+05 0.00000000e+00  0.00000000e+00  0.00000000e+00  0.00000000e+00  
3.25000000e-07  3.73150000e+02  1.01330038e+05  6.04897058e+00  6.04897058e-06  1.00000000e-06  -5.03819766e+05 0.00000000e+00  0.00000000e+00  0.00000000e+00  0.00000000e+00  
3.70000000e-07  3.73150000e+02  1.01330735e+05  6.04897058e+00  6.04897058e-06  1.00000000e-06  -5.03925341e+05 0.00000000e+00  0.00000000e+00  0.00000000e+00  0.00000000e+00  
4.15000000e-07  3.73150000e+02  1.01331432e+05  6.04897058e+00  6.04897058e-06  1.00000000e-06  -5.04030908e+05 0.00000000e+00  0.00000000e+00  0.00000000e+00  0.00000000e+00  
4.60000000e-07  3.73150000e+02  1.01332129e+05  6.04897058e+00  6.04897058e-06  1.00000000e-06  -5.04136465e+05 0.00000000e+00  0.00000000e+00  0.00000000e+00  0.00000000e+00  
5.05000000e-07  3.73150000e+02  1.01332826e+05  6.04897058e+00  6.04897058e-06  1.00000000e-06  -5.04242014e+05 0.00000000e+00  0.00000000e+00  0.00000000e+00  0.00000000e+00  
5.50000000e-07  3.73150000e+02  1.01333523e+05  6.04897058e+00  6.04897058e-06  1.00000000e-06  -5.04347555e+05 0.00000000e+00  0.00000000e+00  0.00000000e+00  0.00000000e+00  
5.95000000e-07  3.73150000e+02  1.01334220e+05  6.04897058e+00  6.04897058e-06  1.00000000e-06  -5.04453087e+05 0.00000000e+00  0.00000000e+00  0.00000000e+00  0.00000000e+00  
6.40000000e-07  3.73150000e+02  1.01334917e+05  6.04897058e+00  6.04897058e-06  1.00000000e-06  -5.04558611e+05 0.00000000e+00  0.00000000e+00  0.00000000e+00  0.00000000e+00  
6.85000000e-07  3.73150000e+02  1.01335614e+05  6.04897058e+00  6.04897058e-06  1.00000000e-06  -5.04664126e+05 0.00000000e+00  0.00000000e+00  0.00000000e+00  0.00000000e+00  
7.30000000e-07  3.73150000e+02  1.01336311e+05  6.04897058e+00  6.04897058e-06  1.00000000e-06  -5.04769632e+05 0.00000000e+00  0.00000000e+00  0.00000000e+00  0.00000000e+00  
7.75000000e-07  3.73150000e+02  1.01337008e+05  6.04897058e+00  6.04897058e-06  1.00000000e-06  -5.04875130e+05 0.00000000e+00  0.00000000e+00  0.00000000e+00  0.00000000e+00  
8.20000000e-07  3.73150000e+02  1.01337705e+05  6.04897058e+00  6.04897058e-06  1.00000000e-06  -5.04980619e+05 0.00000000e+00  0.00000000e+00  0.00000000e+00  0.00000000e+00  
8.65000000e-07  3.73150000e+02  1.01338401e+05  6.04897058e+00  6.04897058e-06  1.00000000e-06  -5.05086100e+05 0.00000000e+00  0.00000000e+00  0.00000000e+00  0.00000000e+00  
9.10000000e-07  3.73150000e+02  1.01339098e+05  6.04897058e+00  6.04897058e-06  1.00000000e-06  -5.05191572e+05 0.00000000e+00  0.00000000e+00  0.00000000e+00  0.00000000e+00  
9.55000000e-07  3.73150000e+02  1.01339794e+05  6.04897058e+00  6.04897058e-06  1.00000000e-06  -5.05297035e+05 0.00000000e+00  0.00000000e+00  0.00000000e+00  0.00000000e+00  
1.00000000e-06  3.73150000e+02  1.01340491e+05  6.04897058e+00  6.04897058e-06  1.00000000e-06  -5.05402490e+05 0.00000000e+00  0.00000000e+00  0.00000000e+00  0.00000000e+00  
1.45000000e-06  3.73150000e+02  1.01347453e+05  6.04897058e+00  6.04897058e-06  1.00000000e-06  -5.06456570e+05 0.00000000e+00  0.00000000e+00  0.00000000e+00  0.00000000e+00  
1.90000000e-06  3.73150000e+02  1.01354409e+05  6.04897058e+00  6.04897058e-06  1.00000000e-06  -5.07509794e+05 0.00000000e+00  0.00000000e+00  0.00000000e+00  0.00000000e+00  
2.35000000e-06  3.73150000e+02  1.01361359e+05  6.04897058e+00  6.04897058e-06  1.00000000e-06  -5.08562165e+05 0.00000000e+00  0.00000000e+00  0.00000000e+00  0.00000000e+00  
2.80000000e-06  3.73150000e+02  1.01368304e+05  6.04897058e+00  6.04897058e-06  1.00000000e-06  -5.09613683e+05 0.00000000e+00  0.00000000e+00  0.00000000e+00  0.00000000e+00  
3.25000000e-06  3.73150000e+02  1.01375243e+05  6.04897058e+00  6.04897058e-06  1.00000000e-06  -5.10664350e+05 0.00000000e+00  0.00000000e+00  0.00000000e+00  0.00000000e+00  
3.70000000e-06  3.73150000e+02  1.01382177e+05  6.04897058e+00  6.04897058e-06  1.00000000e-06  -5.11714165e+05 0.00000000e+00  0.00000000e+00  0.00000000e+00  0.00000000e+00  
4.15000000e-06  3.73150000e+02  1.01389105e+05  6.04897058e+00  6.04897058e-06  1.00000000e-06  -5.12763132e+05 0.00000000e+00  0.00000000e+00  0.00000000e+00  0.00000000e+00  
4.60000000e-06  3.73150000e+02  1.01396027e+05  6.04897058e+00  6.04897058e-06  1.00000000e-06  -5.13811249e+05 0.00000000e+00  0.00000000e+00  0.00000000e+00  0.00000000e+00  
5.05000000e-06  3.73150000e+02  1.01402944e+05  6.04897058e+00  6.04897058e-06  1.00000000e-06  -5.14858519e+05 0.00000000e+00  0.00000000e+00  0.00000000e+00  0.00000000e+00  
5.50000000e-06  3.73150000e+02  1.01409855e+05  6.04897058e+00  6.04897058e-06  1.00000000e-06  -5.15904943e+05 0.00000000e+00  0.00000000e+00  0.00000000e+00  0.00000000e+00  
5.95000000e-06  3.73150000e+02  1.01416761e+05  6.04897058e+00  6.04897058e-06  1.00000000e-06  -5.16950520e+05 0.00000000e+00  0.00000000e+00  0.00000000e+00  0.00000000e+00  
6.40000000e-06  3.73150000e+02  1.01423661e+05  6.04897058e+00  6.04897058e-06  1.00000000e-06  -5.17995254e+05 0.00000000e+00  0.00000000e+00  0.00000000e+00  0.00000000e+00  
6.85000000e-06  3.73150000e+02  1.01430555e+05  6.04897058e+00  6.04897058e-06  1.00000000e-06  -5.19039144e+05 0.00000000e+00  0.00000000e+00  0.00000000e+00  0.00000000e+00  
7.30000000e-06  3.73150000e+02  1.01437444e+05  6.04897058e+00  6.04897058e-06  1.00000000e-06  -5.20082191e+05 0.00000000e+00  0.00000000e+00  0.00000000e+00  0.00000000e+00  
7.75000000e-06  3.73150000e+02  1.01444328e+05  6.04897058e+00  6.04897058e-06  1.00000000e-06  -5.21124397e+05 0.00000000e+00  0.00000000e+00  0.00000000e+00  0.00000000e+00  
8.20000000e-06  3.73150000e+02  1.01451205e+05  6.04897058e+00  6.04897058e-06  1.00000000e-06  -5.22165763e+05 0.00000000e+00  0.00000000e+00  0.00000000e+00  0.00000000e+00  
8.65000000e-06  3.73150000e+02  1.01458078e+05  6.04897058e+00  6.04897058e-06  1.00000000e-06  -5.23206289e+05 0.00000000e+00  0.00000000e+00  0.00000000e+00  0.00000000e+00  
9.10000000e-06  3.73150000e+02  1.01464944e+05  6.04897058e+00  6.04897058e-06  1.00000000e-06  -5.24245977e+05 0.00000000e+00  0.00000000e+00  0.00000000e+00  0.00000000e+00  
9.55000000e-06  3.73150000e+02  1.01471806e+05  6.04897058e+00  6.04897058e-06  1.00000000e-06  -5.25284828e+05 0.00000000e+00  0.00000000e+00  0.00000000e+00  0.00000000e+00  
1.00000000e-05  3.73150000e+02  1.01478661e+05  6.04897058e+00  6.04897058e-06  1.00000000e-06  -5.26322842e+05 0.00000000e+00  0.00000000e+00  0.00000000e+00  0.00000000e+00  
1.45000000e-05  3.73150000e+02  1.01546916e+05  6.04897058e+00  6.04897058e-06  1.00000000e-06  -5.36657206e+05 0.00000000e+00  0.00000000e+00  0.00000000e+00  0.00000000e+00  
1.90000000e-05  3.73150000e+02  1.01614625e+05  6.04897058e+00  6.04897058e-06  1.00000000e-06  -5.46909035e+05 0.00000000e+00  0.00000000e+00  0.00000000e+00  0.00000000e+00  
2.35000000e-05  3.73150000e+02  1.01681795e+05  6.04897058e+00  6.04897058e-06  1.00000000e-06  -5.57079315e+05 0.00000000e+00  0.00000000e+00  0.00000000e+00  0.00000000e+00  
2.80000000e-05  3.73150000e+02  1.01748434e+05  6.04897058e+00  6.04897058e-06  1.00000000e-06  -5.67169014e+05 0.00000000e+00  0.00000000e+00  0.00000000e+00  0.00000000e+00  
3.25000000e-05  3.73150000e+02  1.01814546e+05  6.04897058e+00  6.04897058e-06  1.00000000e-06  -5.77179086e+05 0.00000000e+00  0.00000000e+00  0.00000000e+00  0.00000000e+00  
3.70000000e-05  3.73150000e+02  1.01880139e+05  6.04897058e+00  6.04897058e-06  1.00000000e-06  -5.87110471e+05 0.00000000e+00  0.00000000e+00  0.00000000e+00  0.00000000e+00  
4.15000000e-05  3.73150000e+02  1.01945218e+05  6.04897058e+00  6.04897058e-06  1.00000000e-06  -5.96964093e+05 0.00000000e+00  0.00000000e+00  0.00000000e+00  0.00000000e+00  
4.60000000e-05  3.73150000e+02  1.02009790e+05  6.04897058e+00  6.04897058e-06  1.00000000e-06  -6.06740860e+05 0.00000000e+00  0.00000000e+00  0.00000000e+00  0.00000000e+00  
5.05000000e-05  3.73150000e+02  1.02073860e+05  6.04897058e+00  6.04897058e-06  1.00000000e-06  -6.16441671e+05 0.00000000e+00  0.00000000e+00  0.00000000e+00  0.00000000e+00  
5.50000000e-05  3.73150000e+02  1.02137434e+05  6.04897058e+00  6.04897058e-06  1.00000000e-06  -6.26067404e+05 0.00000000e+00  0.00000000e+00  0.00000000e+00  0.00000000e+00  
5.95000000e-05  3.73150000e+02  1.02200518e+05  6.04897058e+00  6.04897058e-06  1.00000000e-06  -6.35618928e+05 0.00000000e+00  0.00000000e+00  0.00000000e+00  0.00000000e+00  
6.40000000e-05  3.73150000e+02  1.02263117e+05  6.04897058e+00  6.04897058e-06  1.00000000e-06  -6.45097098e+05 0.00000000e+00  0.00000000e+00  0.00000000e+00  0.00000000e+00  
6.85000000e-05  3.73150000e+02  1.02325238e+05  6.04897058e+00  6.04897058e-06  1.00000000e-06  -6.54502756e+05 0.00000000e+00  0.00000000e+00  0.00000000e+00  0.00000000e+00  
7.30000000e-05  3.73150000e+02  1.02386885e+05  6.04897058e+00  6.04897058e-06  1.00000000e-06  -6.63836731e+05 0.00000000e+00  0.00000000e+00  0.00000000e+00  0.00000000e+00  
7.75000000e-05  3.73150000e+02  1.02448064e+05  6.04897058e+00  6.04897058e-06  1.00000000e-06  -6.73099840e+05 0.00000000e+00  0.00000000e+00  0.00000000e+00  0.00000000e+00  
8.20000000e-05  3.73150000e+02  1.02508780e+05  6.04897058e+00  6.04897058e-06  1.00000000e-06  -6.82292888e+05 0.00000000e+00  0.00000000e+00  0.00000000e+00  0.00000000e+00  
8.65000000e-05  3.73150000e+02  1.02569039e+05  6.04897058e+00  6.04897058e-06  1.00000000e-06  -6.91416664e+05 0.00000000e+00  0.00000000e+00  0.00000000e+00  0.00000000e+00  
9.10000000e-05  3.73150000e+02  1.02628846e+05  6.04897058e+00  6.04897058e-06  1.00000000e-06  -7.00471950e+05 0.00000000e+00  0.00000000e+00  0.00000000e+00  0.00000000e+00  
9.55000000e-05  3.73150000e+02  1.02688205e+05  6.04897058e+00  6.04897058e-06  1.00000000e-06  -7.09459514e+05 0.00000000e+00  0.00000000e+00  0.00000000e+00  0.00000000e+00  
1.00000000e-04  3.73150000e+02  1.02747122e+05  6.04897058e+00  6.04897058e-06  1.00000000e-06  -7.18380112e+05 0.00000000e+00  0.00000000e+00  0.00000000e+00  0.00000000e+00  
1.45000000e-04  3.73150000e+02  1.03313014e+05  6.04897058e+00  6.04897058e-06  1.00000000e-06  -8.04061745e+05 0.00000000e+00  0.00000000e+00  0.00000000e+00  0.00000000e+00  
1.90000000e-04  3.73150000e+02  1.03839666e+05  6.04897058e+00  6.04897058e-06  1.00000000e-06  -8.83802021e+05 0.00000000e+00  0.00000000e+00  0.00000000e+00  0.00000000e+00  
2.35000000e-04  3.73150000e+02  1.04331023e+05  6.04897058e+00  6.04897058e-06  1.00000000e-06  -9.58198215e+05 0.00000000e+00  0.00000000e+00  0.00000000e+00  0.00000000e+00  
2.80000000e-04  3.73150000e+02  1.04790517e+05  6.04897058e+00  6.04897058e-06  1.00000000e-06  -1.02777014e+06 0.00000000e+00  0.00000000e+00  0.00000000e+00  0.00000000e+00  
3.25000000e-04  3.73150000e+02  1.05221151e+05  6.04897058e+00  6.04897058e-06  1.00000000e-06  -1.09297232e+06 0.00000000e+00  0.00000000e+00  0.00000000e+00  0.00000000e+00  
3.70000000e-04  3.73150000e+02  1.05625561e+05  6.04897058e+00  6.04897058e-06  1.00000000e-06  -1.15420389e+06 0.00000000e+00  0.00000000e+00  0.00000000e+00  0.00000000e+00  
4.15000000e-04  3.73150000e+02  1.06006071e+05  6.04897058e+00  6.04897058e-06  1.00000000e-06  -1.21181683e+06 0.00000000e+00  0.00000000e+00  0.00000000e+00  0.00000000e+00  
4.60000000e-04  3.73150000e+02  1.06364740e+05  6.04897058e+00  6.04897058e-06  1.00000000e-06  -1.26612273e+06 0.00000000e+00  0.00000000e+00  0.00000000e+00  0.00000000e+00  
5.05000000e-04  3.73150000e+02  1.06703394e+05  6.04897058e+00  6.04897058e-06  1.00000000e-06  -1.31739837e+06 0.00000000e+00  0.00000000e+00  0.00000000e+00  0.00000000e+00  
5.50000000e-04  3.73150000e+02  1.07023665e+05  6.04897058e+00  6.04897058e-06  1.00000000e-06  -1.36589050e+06 0.00000000e+00  0.00000000e+00  0.00000000e+00  0.00000000e+00  
5.95000000e-04  3.73150000e+02  1.07327010e+05  6.04897058e+00  6.04897058e-06  1.00000000e-06  -1.41181979e+06 0.00000000e+00  0.00000000e+00  0.00000000e+00  0.00000000e+00  
6.40000000e-04  3.73150000e+02  1.07614735e+05  6.04897058e+00  6.04897058e-06  1.00000000e-06  -1.45538418e+06 0.00000000e+00  0.00000000e+00  0.00000000e+00  0.00000000e+00  
6.85000000e-04  3.73150000e+02  1.07888017e+05  6.04897058e+00  6.04897058e-06  1.00000000e-06  -1.49676173e+06 0.00000000e+00  0.00000000e+00  0.00000000e+00  0.00000000e+00  
7.30000000e-04  3.73150000e+02  1.08147916e+05  6.04897058e+00  6.04897058e-06  1.00000000e-06  -1.53611308e+06 0.00000000e+00  0.00000000e+00  0.00000000e+00  0.00000000e+00  
7.75000000e-04  3.73150000e+02  1.08395393e+05  6.04897058e+00  6.04897058e-06  1.00000000e-06  -1.57358351e+06 0.00000000e+00  0.00000000e+00  0.00000000e+00  0.00000000e+00  
8.20000000e-04  3.73150000e+02  1.08631317e+05  6.04897058e+00  6.04897058e-06  1.00000000e-06  -1.60930471e+06 0.00000000e+00  0.00000000e+00  0.00000000e+00  0.00000000e+00  
8.65000000e-04  3.73150000e+02  1.08856479e+05  6.04897058e+00  6.04897058e-06  1.00000000e-06  -1.64339639e+06 0.00000000e+00  0.00000000e+00  0.00000000e+00  0.00000000e+00  
9.10000000e-04  3.73150000e+02  1.09071599e+05  6.04897058e+00  6.04897058e-06  1.00000000e-06  -1.67596757e+06 0.00000000e+00  0.00000000e+00  0.00000000e+00  0.00000000e+00  
9.55000000e-04  3.73150000e+02  1.09277333e+05  6.04897058e+00  6.04897058e-06  1.00000000e-06  -1.70711774e+06 0.00000000e+00  0.00000000e+00  0.00000000e+00  0.00000000e+00  
1.00000000e-03  3.73150000e+02  1.09474283e+05  6.04897058e+00  6.04897058e-06  1.00000000e-06  -1.73693791e+06 0.00000000e+00  0.00000000e+00  0.00000000e+00  0.00000000e+00  
1.45000000e-03  3.73150000e+02  1.11062652e+05  6.04897058e+00  6.04897058e-06  1.00000000e-06  -1.97743243e+06 0.00000000e+00  0.00000000e+00  0.00000000e+00  0.00000000e+00  
1.90000000e-03  3.73150000e+02  1.12175763e+05  6.04897058e+00  6.04897058e-06  1.00000000e-06  -2.14596835e+06 0.00000000e+00  0.00000000e+00  0.00000000e+00  0.00000000e+00  
2.35000000e-03  3.73150000e+02  1.12999162e+05  6.04897058e+00  6.04897058e-06  1.00000000e-06  -2.27063897e+06 0.00000000e+00  0.00000000e+00  0.00000000e+00  0.00000000e+00  
2.80000000e-03  3.73150000e+02  1.13632930e+05  6.04897058e+00  6.04897058e-06  1.00000000e-06  -2.36659768e+06 0.00000000e+00  0.00000000e+00  0.00000000e+00  0.00000000e+00  
3.25000000e-03  3.73150000e+02  1.14135812e+05  6.04897058e+00  6.04897058e-06  1.00000000e-06  -2.44273891e+06 0.00000000e+00  0.00000000e+00  0.00000000e+00  0.00000000e+00  
3.70000000e-03  3.73150000e+02  1.14544559e+05  6.04897058e+00  6.04897058e-06  1.00000000e-06  -2.50462715e+06 0.00000000e+00  0.00000000e+00  0.00000000e+00  0.00000000e+00  
4.15000000e-03  3.73150000e+02  1.14883340e+05  6.04897058e+00  6.04897058e-06  1.00000000e-06  -2.55592194e+06 0.00000000e+00  0.00000000e+00  0.00000000e+00  0.00000000e+00  
4.60000000e-03  3.73150000e+02  1.15168704e+05  6.04897058e+00  6.04897058e-06  1.00000000e-06  -2.59912878e+06 0.00000000e+00  0.00000000e+00  0.00000000e+00  0.00000000e+00  
5.05000000e-03  3.73150000e+02  1.15412361e+05  6.04897058e+00  6.04897058e-06  1.00000000e-06  -2.63602079e+06 0.00000000e+00  0.00000000e+00  0.00000000e+00  0.00000000e+00  
5.50000000e-03  3.73150000e+02  1.15622831e+05  6.04897058e+00  6.04897058e-06  1.00000000e-06  -2.66788809e+06 0.00000000e+00  0.00000000e+00  0.00000000e+00  0.00000000e+00  
5.95000000e-03  3.73150000e+02  1.15806464e+05  6.04897058e+00  6.04897058e-06  1.00000000e-06  -2.69569180e+06 0.00000000e+00  0.00000000e+00  0.00000000e+00  0.00000000e+00  
6.40000000e-03  3.73150000e+02  1.15968083e+05  6.04897058e+00  6.04897058e-06  1.00000000e-06  -2.72016257e+06 0.00000000e+00  0.00000000e+00  0.00000000e+00  0.00000000e+00  
6.85000000e-03  3.73150000e+02  1.16111424e+05  6.04897058e+00  6.04897058e-06  1.00000000e-06  -2.74186581e+06 0.00000000e+00  0.00000000e+00  0.00000000e+00  0.00000000e+00  
7.30000000e-03  3.73150000e+02  1.16239422e+05  6.04897058e+00  6.04897058e-06  1.00000000e-06  -2.76124590e+06 0.00000000e+00  0.00000000e+00  0.00000000e+00  0.00000000e+00  
7.75000000e-03  3.73150000e+02  1.16354414e+05  6.04897058e+00  6.04897058e-06  1.00000000e-06  -2.77865689e+06 0.00000000e+00  0.00000000e+00  0.00000000e+00  0.00000000e+00  
8.20000000e-03  3.73150000e+02  1.16458288e+05  6.04897058e+00  6.04897058e-06  1.00000000e-06  -2.79438438e+06 0.00000000e+00  0.00000000e+00  0.00000000e+00  0.00000000e+00  
8.65000000e-03  3.73150000e+02  1.16552581e+05  6.04897058e+00  6.04897058e-06  1.00000000e-06  -2.80866128e+06 0.00000000e+00  0.00000000e+00  0.00000000e+00  0.00000000e+00  
9.10000000e-03  3.73150000e+02  1.16638561e+05  6.04897058e+00  6.04897058e-06  1.00000000e-06  -2.82167943e+06 0.00000000e+00  0.00000000e+00  0.00000000e+00  0.00000000e+00  
9.55000000e-03  3.73150000e+02  1.16717280e+05  6.04897058e+00  6.04897058e-06  1.00000000e-06  -2.83359827e+06 0.00000000e+00  0.00000000e+00  0.00000000e+00  0.00000000e+00  
1.00000000e-02  3.73150000e+02  1.16789621e+05  6.04897058e+00  6.04897058e-06  1.00000000e-06  -2.84455140e+06 0.00000000e+00  0.00000000e+00  0.00000000e+00  0.00000000e+00  
1.45000000e-02  3.73150000e+02  1.17283604e+05  6.04897058e+00  6.04897058e-06  1.00000000e-06  -2.91934523e+06 0.00000000e+00  0.00000000e+00  0.00000000e+00  0.00000000e+00  
1.90000000e-02  3.73150000e+02  1.17556487e+05  6.04897058e+00  6.04897058e-06  1.00000000e-06  -2.96066246e+06 0.00000000e+00  0.00000000e+00  0.00000000e+00  0.00000000e+00  
2.35000000e-02  3.73150000e+02  1.17729568e+05  6.04897058e+00  6.04897058e-06  1.00000000e-06  -2.98686850e+06 0.00000000e+00  0.00000000e+00  0.00000000e+00  0.00000000e+00  
2.80000000e-02  3.73150000e+02  1.17849132e+05  6.04897058e+00  6.04897058e-06  1.00000000e-06  -3.00497177e+06 0.00000000e+00  0.00000000e+00  0.00000000e+00  0.00000000e+00  
3.25000000e-02  3.73150000e+02  1.17936678e+05  6.04897058e+00  6.04897058e-06  1.00000000e-06  -3.01822710e+06 0.00000000e+00  0.00000000e+00  0.00000000e+00  0.00000000e+00  
3.70000000e-02  3.73150000e+02  1.18003548e+05  6.04897058e+00  6.04897058e-06  1.00000000e-06  -3.02835190e+06 0.00000000e+00  0.00000000e+00  0.00000000e+00  0.00000000e+00  
4.00000000e-02  3.73150000e+02  1.18039995e+05  6.04897058e+00  6.04897058e-06  1.00000000e-06  -3.03387027e+06 0.00000000e+00  0.00000000e+00  0.00000000e+00  0.00000000e+00  
