    0.0000000000E+00    0.0000000000E+00    0.0000000000E+00
    0.0000000000E+00    0.0000000000E+00    0.0000000000E+00
    0.0000000000E+00    0.0000000000E+00    0.0000000000E+00
    0.0000000000E+00    0.0000000000E+00    0.0000000000E+00
    0.0000000000E+00    0.0000000000E+00    0.0000000000E+00
    0.0000000000E+00    0.0000000000E+00    0.0000000000E+00
    0.0000000000E+00    0.0000000000E+00    0.0000000000E+00
    0.0000000000E+00    0.0000000000E+00    0.0000000000E+00
    0.0000000000E+00    0.0000000000E+00    0.0000000000E+00
    0.0000000000E+00    0.0000000000E+00    0.0000000000E+00
    0.0000000000E+00    0.0000000000E+00    0.0000000000E+00
    0.0000000000E+00    0.0000000000E+00    0.0000000000E+00
    0.0000000000E+00    0.0000000000E+00    0.0000000000E+00
    0.0000000000E+00    0.0000000000E+00    0.0000000000E+00
    0.0000000000E+00    0.0000000000E+00    0.0000000000E+00
    0.0000000000E+00    0.0000000000E+00    0.0000000000E+00
    0.0000000000E+00    0.0000000000E+00    0.0000000000E+00
    0.0000000000E+00    0.0000000000E+00    0.0000000000E+00
    0.0000000000E+00    0.0000000000E+00    0.0000000000E+00
    0.0000000000E+00    0.0000000000E+00    0.0000000000E+00
    0.0000000000E+00    0.0000000000E+00    0.0000000000E+00
    0.0000000000E+00    0.0000000000E+00    0.0000000000E+00
    0.0000000000E+00    0.0000000000E+00    0.0000000000E+00
    0.0000000000E+00    0.0000000000E+00    0.0000000000E+00
    0.0000000000E+00    0.0000000000E+00    0.0000000000E+00
    0.0000000000E+00    0.0000000000E+00    0.0000000000E+00
    0.0000000000E+00    0.0000000000E+00    0.0000000000E+00
    0.0000000000E+00    0.0000000000E+00    0.0000000000E+00
    0.0000000000E+00    0.0000000000E+00    0.0000000000E+00
    0.0000000000E+00    0.0000000000E+00    0.0000000000E+00
    0.0000000000E+00    0.0000000000E+00    0.0000000000E+00
    0.0000000000E+00    0.0000000000E+00    0.0000000000E+00
    0.0000000000E+00    0.0000000000E+00    0.0000000000E+00
    0.0000000000E+00    0.0000000000E+00    0.0000000000E+00
    0.0000000000E+00    0.0000000000E+00    0.0000000000E+00
    0.0000000000E+00    0.0000000000E+00    0.0000000000E+00
    0.0000000000E+00    0.0000000000E+00    0.0000000000E+00
    0.0000000000E+00    0.0000000000E+00    0.0000000000E+00
    0.0000000000E+00    0.0000000000E+00    0.0000000000E+00
    0.0000000000E+00    0.0000000000E+00    0.0000000000E+00
    0.0000000000E+00    0.0000000000E+00    0.0000000000E+00
    0.0000000000E+00    0.0000000000E+00    0.0000000000E+00
    0.0000000000E+00    0.0000000000E+00    0.0000000000E+00
    0.0000000000E+00    0.0000000000E+00    0.0000000000E+00
    0.0000000000E+00    0.0000000000E+00    0.0000000000E+00
    0.0000000000E+00    0.0000000000E+00    0.0000000000E+00
    0.0000000000E+00    0.0000000000E+00    0.0000000000E+00
    0.0000000000E+00    0.0000000000E+00    0.0000000000E+00
    0.0000000000E+00    0.0000000000E+00    0.0000000000E+00
    0.0000000000E+00    0.0000000000E+00    0.0000000000E+00
    0.0000000000E+00    0.0000000000E+00    0.0000000000E+00
    0.0000000000E+00    0.0000000000E+00    0.0000000000E+00
    0.0000000000E+00    0.0000000000E+00    0.0000000000E+00
    0.0000000000E+00    0.0000000000E+00    0.0000000000E+00
    0.0000000000E+00    0.0000000000E+00    0.0000000000E+00
    0.0000000000E+00    0.0000000000E+00    0.0000000000E+00
    0.0000000000E+00    0.0000000000E+00    0.0000000000E+00
    0.0000000000E+00    0.0000000000E+00    0.0000000000E+00
    0.0000000000E+00    0.0000000000E+00    0.0000000000E+00
    0.0000000000E+00    0.0000000000E+00    0.0000000000E+00
    0.0000000000E+00    0.0000000000E+00    0.0000000000E+00
    0.0000000000E+00    0.0000000000E+00    0.0000000000E+00
    0.0000000000E+00    0.0000000000E+00    0.0000000000E+00
    0.0000000000E+00    0.0000000000E+00    0.0000000000E+00
    0.0000000000E+00    0.0000000000E+00    0.0000000000E+00
    0.0000000000E+00    0.0000000000E+00    0.0000000000E+00
    0.0000000000E+00    0.0000000000E+00    0.0000000000E+00
    0.0000000000E+00    0.0000000000E+00    0.0000000000E+00
    0.0000000000E+00    0.0000000000E+00    0.0000000000E+00
    0.0000000000E+00    0.0000000000E+00    0.0000000000E+00
    0.0000000000E+00    0.0000000000E+00    0.0000000000E+00
    0.0000000000E+00    0.0000000000E+00    0.0000000000E+00
    4.6786077382E-04    1.4182535413E-03   -4.8102025432E-03
    1.1280551144E-03    9.5858242097E-04   -3.6374621793E-03
    1.4109381477E-03    1.0297256467E-03   -6.0171849257E-03
    2.4759616755E-03    2.3133752738E-03   -1.7311109662E-03
    1.0074982318E-03   -1.4978781710E-03   -4.8732598449E-03
    1.9432955327E-03   -1.0835582536E-03   -4.8713392567E-03
    1.1787289742E-03    8.2009506889E-04   -6.0517236876E-03
    1.6656678835E-03    2.4872775119E-03   -3.7488208718E-03
    7.0336320536E-03    6.3764435305E-03    1.2137658129E-02
    2.2587649854E-03   -1.0549488183E-02   -1.9674907820E-02
    3.5216004220E-03   -7.7304890983E-04   -2.9970381287E-03
    1.8407167644E-03   -1.1940285225E-03   -1.4052418032E-03
    9.1548486016E-03   -9.9945575710E-05    7.4080632559E-03
    4.6373740533E-03    2.6615138119E-03   -8.8733283609E-03
    8.6699825963E-04   -1.1693968747E-03   -1.2551897236E-02
    1.6773294783E-03    8.1169301568E-04    1.6436248855E-04
   -2.1428692246E-03    1.7841246386E-03   -5.1595244276E-03
   -9.8083653097E-03    7.8984980439E-03   -2.2067926126E-02
    6.8528123206E-04    1.7999202323E-03   -1.4483521806E-02
   -1.7571326452E-03   -3.5627087501E-03    7.0967474247E-03
    3.6998694308E-03    8.3398109022E-03   -7.4998711489E-03
    1.2389834131E-03    3.2575712432E-03   -4.9545878857E-03
   -1.4033351074E-03    4.4576601291E-03   -9.8898435813E-04
    1.4156789085E-03    2.4541656209E-03   -1.5455108202E-03
    7.9542202071E-04    1.1597318667E-03   -2.3761139671E-03
   -2.5631354193E-03   -4.2976722603E-04   -2.9093042115E-03
    2.3618708056E-03    2.3752373406E-03   -2.6533206343E-03
   -6.9347539981E-04   -5.3525648124E-04    2.0183878336E-03
    3.0151231886E-03   -4.2432503413E-04   -2.1245134413E-03
    1.7006167369E-03   -1.5288610297E-03    4.0259693048E-04
    4.2310158760E-03    5.4034987740E-04   -4.5188636356E-03
    2.0463881771E-03    4.4379100399E-03   -5.7134208453E-03
    5.3741852519E-03    6.9529440870E-03    3.9092377872E-03
   -1.6533728228E-03   -6.7025894617E-03   -8.2100906073E-04
    8.0277060015E-04   -5.5620623235E-03   -1.5256913826E-03
    2.4998327512E-03    3.0832840739E-03    9.8771169186E-04
    3.6106569919E-03    3.9187146500E-03    3.4622082108E-03
    4.0909553677E-02    4.1799169961E-03    8.8215111878E-03
   -1.0218621303E-04   -6.4382976112E-02   -1.1678118797E-01
    4.3772141141E-03    5.5254530480E-03    2.7095602764E-03
    1.1766139802E-02    2.4125403480E-03   -1.7170460052E-03
   -6.6445528616E-03    4.5276738387E-03   -6.3211160845E-03
   -4.8275600882E-02    6.3988176143E-02   -1.2130515632E-01
    4.0997445322E-02    2.6046367881E-02   -8.9560679636E-02
    8.1786241805E-03    5.4135714108E-03    1.2843873523E-03
    2.3294300272E-03    4.3661013040E-03   -3.0216238286E-03
   -6.2072391338E-03    7.4457926573E-03   -1.4766191455E-03
    4.8906093173E-03    4.7607384260E-03    3.0136737882E-03
    4.7522509723E-01    2.5953985260E-01    1.6773226444E-01
   -6.2425299069E-01   -3.2616738285E-01    3.5773287946E-01
