t(s)            Temperature(K)  Pressure(Pa)    Density(kg/m3)  Mass(kg)        Volume(m3)      IntEnergy(J/kg) mdot_in(kg/s)   mdot_out(kg/s)  mdot_surf(kg/s) mdot(kg/s)      
1.00000000e-08  3.73150000e+02  1.01325000e+05  6.04897058e+00  6.04897058e-06  1.00000000e-06  -5.03057050e+05 0.00000000e+00  0.00000000e+00  0.00000000e+00  0.00000000e+00  
1.45000000e-08  3.73150000e+02  1.01325000e+05  6.04897058e+00  6.04897058e-06  1.00000000e-06  -5.03057060e+05 0.00000000e+00  0.00000000e+00  0.00000000e+00  0.00000000e+00  
1.90000000e-08  3.73150000e+02  1.01325000e+05  6.04897058e+00  6.04897058e-06  1.00000000e-06  -5.03057071e+05 0.00000000e+00  0.00000000e+00  0.00000000e+00  0.00000000e+00  
2.35000000e-08  3.73150000e+02  1.01325000e+05  6.04897058e+00  6.04897058e-06  1.00000000e-06  -5.03057082e+05 0.00000000e+00  0.00000000e+00  0.00000000e+00  0.00000000e+00  
2.80000000e-08  3.73150000e+02  1.01325000e+05  6.04897058e+00  6.04897058e-06  1.00000000e-06  -5.03057092e+05 0.00000000e+00  0.00000000e+00  0.00000000e+00  0.00000000e+00  
3.25000000e-08  3.73150000e+02  1.01325000e+05  6.04897058e+00  6.04897058e-06  1.00000000e-06  -5.03057103e+05 0.00000000e+00  0.00000000e+00  0.00000000e+00  0.00000000e+00  
3.70000000e-08  3.73150000e+02  1.01325000e+05  6.04897058e+00  6.04897058e-06  1.00000000e-06  -5.03057113e+05 0.00000000e+00  0.00000000e+00  0.00000000e+00  0.00000000e+00  
4.15000000e-08  3.73150000e+02  1.01325000e+05  6.04897058e+00  6.04897058e-06  1.00000000e-06  -5.03057124e+05 0.00000000e+00  0.00000000e+00  0.00000000e+00  0.00000000e+00  
4.60000000e-08  3.73150000e+02  1.01325000e+05  6.04897058e+00  6.04897058e-06  1.00000000e-06  -5.03057135e+05 0.00000000e+00  0.00000000e+00  0.00000000e+00  0.00000000e+00  
5.05000000e-08  3.73150000e+02  1.01325000e+05  6.04897058e+00  6.04897058e-06  1.00000000e-06  -5.03057145e+05 0.00000000e+00  0.00000000e+00  0.00000000e+00  0.00000000e+00  
5.50000000e-08  3.73150000e+02  1.01325000e+05  6.04897058e+00  6.04897058e-06  1.00000000e-06  -5.03057156e+05 0.00000000e+00  0.00000000e+00  0.00000000e+00  0.00000000e+00  
5.95000000e-08  3.73150000e+02  1.01325000e+05  6.04897058e+00  6.04897058e-06  1.00000000e-06  -5.03057167e+05 0.00000000e+00  0.00000000e+00  0.00000000e+00  0.00000000e+00  
6.40000000e-08  3.73150000e+02  1.01325000e+05  6.04897058e+00  6.04897058e-06  1.00000000e-06  -5.03057177e+05 0.00000000e+00  0.00000000e+00  0.00000000e+00  0.00000000e+00  
6.85000000e-08  3.73150000e+02  1.01325000e+05  6.04897058e+00  6.04897058e-06  1.00000000e-06  -5.03057188e+05 0.00000000e+00  0.00000000e+00  0.00000000e+00  0.00000000e+00  
7.30000000e-08  3.73150000e+02  1.01325000e+05  6.04897058e+00  6.04897058e-06  1.00000000e-06  -5.03057198e+05 0.00000000e+00  0.00000000e+00  0.00000000e+00  0.00000000e+00  
7.75000000e-08  3.73150000e+02  1.01325000e+05  6.04897058e+00  6.04897058e-06  1.00000000e-06  -5.03057209e+05 0.00000000e+00  0.00000000e+00  0.00000000e+00  0.00000000e+00  
8.20000000e-08  3.73150000e+02  1.01325000e+05  6.04897058e+00  6.04897058e-06  1.00000000e-06  -5.03057220e+05 0.00000000e+00  0.00000000e+00  0.00000000e+00  0.00000000e+00  
8.65000000e-08  3.73150000e+02  1.01325000e+05  6.04897058e+00  6.04897058e-06  1.00000000e-06  -5.03057230e+05 0.00000000e+00  0.00000000e+00  0.00000000e+00  0.00000000e+00  
9.10000000e-08  3.73150000e+02  1.01325000e+05  6.04897058e+00  6.04897058e-06  1.00000000e-06  -5.03057241e+05 0.00000000e+00  0.00000000e+00  0.00000000e+00  0.00000000e+00  
9.55000000e-08  3.73150000e+02  1.01325000e+05  6.04897058e+00  6.04897058e-06  1.00000000e-06  -5.03057252e+05 0.00000000e+00  0.00000000e+00  0.00000000e+00  0.00000000e+00  
1.00000000e-07  3.73150000e+02  1.01325000e+05  6.04897058e+00  6.04897058e-06  1.00000000e-06  -5.03057262e+05 0.00000000e+00  0.00000000e+00  0.00000000e+00  0.00000000e+00  
1.45000000e-07  3.73150000e+02  1.01325000e+05  6.04897058e+00  6.04897058e-06  1.00000000e-06  -5.03057369e+05 0.00000000e+00  0.00000000e+00  0.00000000e+00  0.00000000e+00  
1.90000000e-07  3.73150000e+02  1.01325000e+05  6.04897058e+00  6.04897058e-06  1.00000000e-06  -5.03057475e+05 0.00000000e+00  0.00000000e+00  0.00000000e+00  0.00000000e+00  
2.35000000e-07  3.73150000e+02  1.01325000e+05  6.04897058e+00  6.04897058e-06  1.00000000e-06  -5.03057581e+05 0.00000000e+00  0.00000000e+00  0.00000000e+00  0.00000000e+00  
2.80000000e-07  3.73150000e+02  1.01325000e+05  6.04897058e+00  6.04897058e-06  1.00000000e-06  -5.03057687e+05 0.00000000e+00  0.00000000e+00  0.00000000e+00  0.00000000e+00  
3.25000000e-07  3.73150000e+02  1.01325000e+05  6.04897058e+00  6.04897058e-06  1.00000000e-06  -5.03057794e+05 0.00000000e+00  0.00000000e+00  0.00000000e+00  0.00000000e+00  
3.70000000e-07  3.73150000e+02  1.01325000e+05  6.04897058e+00  6.04897058e-06  1.00000000e-06  -5.03057900e+05 0.00000000e+00  0.00000000e+00  0.00000000e+00  0.00000000e+00  
4.15000000e-07  3.73150000e+02  1.01325000e+05  6.04897058e+00  6.04897058e-06  1.00000000e-06  -5.03058006e+05 0.00000000e+00  0.00000000e+00  0.00000000e+00  0.00000000e+00  
4.60000000e-07  3.73150000e+02  1.01325000e+05  6.04897058e+00  6.04897058e-06  1.00000000e-06  -5.03058113e+05 0.00000000e+00  0.00000000e+00  0.00000000e+00  0.00000000e+00  
5.05000000e-07  3.73150000e+02  1.01325000e+05  6.04897058e+00  6.04897058e-06  1.00000000e-06  -5.03058219e+05 0.00000000e+00  0.00000000e+00  0.00000000e+00  0.00000000e+00  
5.50000000e-07  3.73150000e+02  1.01325000e+05  6.04897058e+00  6.04897058e-06  1.00000000e-06  -5.03058325e+05 0.00000000e+00  0.00000000e+00  0.00000000e+00  0.00000000e+00  
5.95000000e-07  3.73150000e+02  1.01325000e+05  6.04897058e+00  6.04897058e-06  1.00000000e-06  -5.03058432e+05 0.00000000e+00  0.00000000e+00  0.00000000e+00  0.00000000e+00  
6.40000000e-07  3.73150000e+02  1.01325000e+05  6.04897058e+00  6.04897058e-06  1.00000000e-06  -5.03058538e+05 0.00000000e+00  0.00000000e+00  0.00000000e+00  0.00000000e+00  
6.85000000e-07  3.73150000e+02  1.01325000e+05  6.04897058e+00  6.04897058e-06  1.00000000e-06  -5.03058644e+05 0.00000000e+00  0.00000000e+00  0.00000000e+00  0.00000000e+00  
7.30000000e-07  3.73150000e+02  1.01325000e+05  6.04897058e+00  6.04897058e-06  1.00000000e-06  -5.03058751e+05 0.00000000e+00  0.00000000e+00  0.00000000e+00  0.00000000e+00  
7.75000000e-07  3.73150000e+02  1.01325000e+05  6.04897058e+00  6.04897058e-06  1.00000000e-06  -5.03058857e+05 0.00000000e+00  0.00000000e+00  0.00000000e+00  0.00000000e+00  
8.20000000e-07  3.73150000e+02  1.01325000e+05  6.04897058e+00  6.04897058e-06  1.00000000e-06  -5.03058963e+05 0.00000000e+00  0.00000000e+00  0.00000000e+00  0.00000000e+00  
8.65000000e-07  3.73150000e+02  1.01325000e+05  6.04897058e+00  6.04897058e-06  1.00000000e-06  -5.03059069e+05 0.00000000e+00  0.00000000e+00  0.00000000e+00  0.00000000e+00  
9.10000000e-07  3.73150000e+02  1.01325000e+05  6.04897058e+00  6.04897058e-06  1.00000000e-06  -5.03059176e+05 0.00000000e+00  0.00000000e+00  0.00000000e+00  0.00000000e+00  
9.55000000e-07  3.73150000e+02  1.01325000e+05  6.04897058e+00  6.04897058e-06  1.00000000e-06  -5.03059282e+05 0.00000000e+00  0.00000000e+00  0.00000000e+00  0.00000000e+00  
1.00000000e-06  3.73150000e+02  1.01325000e+05  6.04897058e+00  6.04897058e-06  1.00000000e-06  -5.03059388e+05 0.00000000e+00  0.00000000e+00  0.00000000e+00  0.00000000e+00  
1.45000000e-06  3.73150000e+02  1.01325000e+05  6.04897058e+00  6.04897058e-06  1.00000000e-06  -5.03060451e+05 0.00000000e+00  0.00000000e+00  0.00000000e+00  0.00000000e+00  
1.90000000e-06  3.73150000e+02  1.01325000e+05  6.04897058e+00  6.04897058e-06  1.00000000e-06  -5.03061515e+05 0.00000000e+00  0.00000000e+00  0.00000000e+00  0.00000000e+00  
2.35000000e-06  3.73150000e+02  1.01325000e+05  6.04897058e+00  6.04897058e-06  1.00000000e-06  -5.03062578e+05 0.00000000e+00  0.00000000e+00  0.00000000e+00  0.00000000e+00  
2.80000000e-06  3.73150000e+02  1.01325001e+05  6.04897058e+00  6.04897058e-06  1.00000000e-06  -5.03063641e+05 0.00000000e+00  0.00000000e+00  0.00000000e+00  0.00000000e+00  
3.25000000e-06  3.73150000e+02  1.01325001e+05  6.04897058e+00  6.04897058e-06  1.00000000e-06  -5.03064704e+05 0.00000000e+00  0.00000000e+00  0.00000000e+00  0.00000000e+00  
3.70000000e-06  3.73150000e+02  1.01325001e+05  6.04897058e+00  6.04897058e-06  1.00000000e-06  -5.03065767e+05 0.00000000e+00  0.00000000e+00  0.00000000e+00  0.00000000e+00  
4.15000000e-06  3.73150000e+02  1.01325001e+05  6.04897058e+00  6.04897058e-06  1.00000000e-06  -5.03066830e+05 0.00000000e+00  0.00000000e+00  0.00000000e+00  0.00000000e+00  
4.60000000e-06  3.73150000e+02  1.01325001e+05  6.04897058e+00  6.04897058e-06  1.00000000e-06  -5.03067893e+05 0.00000000e+00  0.00000000e+00  0.00000000e+00  0.00000000e+00  
5.05000000e-06  3.73150000e+02  1.01325001e+05  6.04897058e+00  6.04897058e-06  1.00000000e-06  -5.03068956e+05 0.00000000e+00  0.00000000e+00  0.00000000e+00  0.00000000e+00  
5.50000000e-06  3.73150000e+02  1.01325001e+05  6.04897058e+00  6.04897058e-06  1.00000000e-06  -5.03070019e+05 0.00000000e+00  0.00000000e+00  0.00000000e+00  0.00000000e+00  
5.95000000e-06  3.73150000e+02  1.01325001e+05  6.04897058e+00  6.04897058e-06  1.00000000e-06  -5.03071082e+05 0.00000000e+00  0.00000000e+00  0.00000000e+00  0.00000000e+00  
6.40000000e-06  3.73150000e+02  1.01325001e+05  6.04897058e+00  6.04897058e-06  1.00000000e-06  -5.03072145e+05 0.00000000e+00  0.00000000e+00  0.00000000e+00  0.00000000e+00  
6.85000000e-06  3.73150000e+02  1.01325001e+05  6.04897058e+00  6.04897058e-06  1.00000000e-06  -5.03073208e+05 0.00000000e+00  0.00000000e+00  0.00000000e+00  0.00000000e+00  
7.30000000e-06  3.73150000e+02  1.01325001e+05  6.04897058e+00  6.04897058e-06  1.00000000e-06  -5.03074271e+05 0.00000000e+00  0.00000000e+00  0.00000000e+00  0.00000000e+00  
7.75000000e-06  3.73150000e+02  1.01325002e+05  6.04897058e+00  6.04897058e-06  1.00000000e-06  -5.03075334e+05 0.00000000e+00  0.00000000e+00  0.00000000e+00  0.00000000e+00  
8.20000000e-06  3.73150000e+02  1.01325002e+05  6.04897058e+00  6.04897058e-06  1.00000000e-06  -5.03076397e+05 0.00000000e+00  0.00000000e+00  0.00000000e+00  0.00000000e+00  
8.65000000e-06  3.73150000e+02  1.01325002e+05  6.04897058e+00  6.04897058e-06  1.00000000e-06  -5.03077460e+05 0.00000000e+00  0.00000000e+00  0.00000000e+00  0.00000000e+00  
9.10000000e-06  3.73150000e+02  1.01325002e+05  6.04897058e+00  6.04897058e-06  1.00000000e-06  -5.03078523e+05 0.00000000e+00  0.00000000e+00  0.00000000e+00  0.00000000e+00  
9.55000000e-06  3.73150000e+02  1.01325002e+05  6.04897058e+00  6.04897058e-06  1.00000000e-06  -5.03079586e+05 0.00000000e+00  0.00000000e+00  0.00000000e+00  0.00000000e+00  
1.00000000e-05  3.73150000e+02  1.01325002e+05  6.04897058e+00  6.04897058e-06  1.00000000e-06  -5.03080649e+05 0.00000000e+00  0.00000000e+00  0.00000000e+00  0.00000000e+00  
1.45000000e-05  3.73150000e+02  1.01325003e+05  6.04897058e+00  6.04897058e-06  1.00000000e-06  -5.03091280e+05 0.00000000e+00  0.00000000e+00  0.00000000e+00  0.00000000e+00  
1.90000000e-05  3.73150000e+02  1.01325004e+05  6.04897058e+00  6.04897058e-06  1.00000000e-06  -5.03101910e+05 0.00000000e+00  0.00000000e+00  0.00000000e+00  0.00000000e+00  
2.35000000e-05  3.73150000e+02  1.01325005e+05  6.04897058e+00  6.04897058e-06  1.00000000e-06  -5.03112541e+05 0.00000000e+00  0.00000000e+00  0.00000000e+00  0.00000000e+00  
2.80000000e-05  3.73150000e+02  1.01325006e+05  6.04897058e+00  6.04897058e-06  1.00000000e-06  -5.03123171e+05 0.00000000e+00  0.00000000e+00  0.00000000e+00  0.00000000e+00  
3.25000000e-05  3.73150000e+02  1.01325007e+05  6.04897058e+00  6.04897058e-06  1.00000000e-06  -5.03133801e+05 0.00000000e+00  0.00000000e+00  0.00000000e+00  0.00000000e+00  
3.70000000e-05  3.73150000e+02  1.01325007e+05  6.04897058e+00  6.04897058e-06  1.00000000e-06  -5.03144431e+05 0.00000000e+00  0.00000000e+00  0.00000000e+00  0.00000000e+00  
4.15000000e-05  3.73150000e+02  1.01325008e+05  6.04897058e+00  6.04897058e-06  1.00000000e-06  -5.03155062e+05 0.00000000e+00  0.00000000e+00  0.00000000e+00  0.00000000e+00  
4.60000000e-05  3.73150000e+02  1.01325009e+05  6.04897058e+00  6.04897058e-06  1.00000000e-06  -5.03165692e+05 0.00000000e+00  0.00000000e+00  0.00000000e+00  0.00000000e+00  
5.05000000e-05  3.73150000e+02  1.01325010e+05  6.04897058e+00  6.04897058e-06  1.00000000e-06  -5.03176322e+05 0.00000000e+00  0.00000000e+00  0.00000000e+00  0.00000000e+00  
5.50000000e-05  3.73150000e+02  1.01325011e+05  6.04897058e+00  6.04897058e-06  1.00000000e-06  -5.03186952e+05 0.00000000e+00  0.00000000e+00  0.00000000e+00  0.00000000e+00  
5.95000000e-05  3.73150000e+02  1.01325012e+05  6.04897058e+00  6.04897058e-06  1.00000000e-06  -5.03197582e+05 0.00000000e+00  0.00000000e+00  0.00000000e+00  0.00000000e+00  
6.40000000e-05  3.73150000e+02  1.01325013e+05  6.04897058e+00  6.04897058e-06  1.00000000e-06  -5.03208212e+05 0.00000000e+00  0.00000000e+00  0.00000000e+00  0.00000000e+00  
6.85000000e-05  3.73150000e+02  1.01325014e+05  6.04897058e+00  6.04897058e-06  1.00000000e-06  -5.03218841e+05 0.00000000e+00  0.00000000e+00  0.00000000e+00  0.00000000e+00  
7.30000000e-05  3.73150000e+02  1.01325015e+05  6.04897058e+00  6.04897058e-06  1.00000000e-06  -5.03229471e+05 0.00000000e+00  0.00000000e+00  0.00000000e+00  0.00000000e+00  
7.75000000e-05  3.73150000e+02  1.01325016e+05  6.04897058e+00  6.04897058e-06  1.00000000e-06  -5.03240101e+05 0.00000000e+00  0.00000000e+00  0.00000000e+00  0.00000000e+00  
8.20000000e-05  3.73150000e+02  1.01325017e+05  6.04897058e+00  6.04897058e-06  1.00000000e-06  -5.03250730e+05 0.00000000e+00  0.00000000e+00  0.00000000e+00  0.00000000e+00  
8.65000000e-05  3.73150000e+02  1.01325018e+05  6.04897058e+00  6.04897058e-06  1.00000000e-06  -5.03261360e+05 0.00000000e+00  0.00000000e+00  0.00000000e+00  0.00000000e+00  
9.10000000e-05  3.73150000e+02  1.01325018e+05  6.04897058e+00  6.04897058e-06  1.00000000e-06  -5.03271990e+05 0.00000000e+00  0.00000000e+00  0.00000000e+00  0.00000000e+00  
9.55000000e-05  3.73150000e+02  1.01325019e+05  6.04897058e+00  6.04897058e-06  1.00000000e-06  -5.03282619e+05 0.00000000e+00  0.00000000e+00  0.00000000e+00  0.00000000e+00  
1.00000000e-04  3.73150000e+02  1.01325020e+05  6.04897058e+00  6.04897058e-06  1.00000000e-06  -5.03293249e+05 0.00000000e+00  0.00000000e+00  0.00000000e+00  0.00000000e+00  
1.45000000e-04  3.73150000e+02  1.01325029e+05  6.04897058e+00  6.04897058e-06  1.00000000e-06  -5.03399540e+05 0.00000000e+00  0.00000000e+00  0.00000000e+00  0.00000000e+00  
1.90000000e-04  3.73150000e+02  1.01325038e+05  6.04897058e+00  6.04897058e-06  1.00000000e-06  -5.03505826e+05 0.00000000e+00  0.00000000e+00  0.00000000e+00  0.00000000e+00  
2.35000000e-04  3.73150000e+02  1.01325048e+05  6.04897058e+00  6.04897058e-06  1.00000000e-06  -5.03612106e+05 0.00000000e+00  0.00000000e+00  0.00000000e+00  0.00000000e+00  
2.80000000e-04  3.73150000e+02  1.01325057e+05  6.04897058e+00  6.04897058e-06  1.00000000e-06  -5.03718381e+05 0.00000000e+00  0.00000000e+00  0.00000000e+00  0.00000000e+00  
3.25000000e-04  3.73150000e+02  1.01325066e+05  6.04897058e+00  6.04897058e-06  1.00000000e-06  -5.03824651e+05 0.00000000e+00  0.00000000e+00  0.00000000e+00  0.00000000e+00  
3.70000000e-04  3.73150000e+02  1.01325075e+05  6.04897058e+00  6.04897058e-06  1.00000000e-06  -5.03930915e+05 0.00000000e+00  0.00000000e+00  0.00000000e+00  0.00000000e+00  
4.15000000e-04  3.73150000e+02  1.01325084e+05  6.04897058e+00  6.04897058e-06  1.00000000e-06  -5.04037174e+05 0.00000000e+00  0.00000000e+00  0.00000000e+00  0.00000000e+00  
4.60000000e-04  3.73150000e+02  1.01325093e+05  6.04897058e+00  6.04897058e-06  1.00000000e-06  -5.04143427e+05 0.00000000e+00  0.00000000e+00  0.00000000e+00  0.00000000e+00  
5.05000000e-04  3.73150000e+02  1.01325102e+05  6.04897058e+00  6.04897058e-06  1.00000000e-06  -5.04249675e+05 0.00000000e+00  0.00000000e+00  0.00000000e+00  0.00000000e+00  
5.50000000e-04  3.73150000e+02  1.01325111e+05  6.04897058e+00  6.04897058e-06  1.00000000e-06  -5.04355917e+05 0.00000000e+00  0.00000000e+00  0.00000000e+00  0.00000000e+00  
5.95000000e-04  3.73150000e+02  1.01325120e+05  6.04897058e+00  6.04897058e-06  1.00000000e-06  -5.04462154e+05 0.00000000e+00  0.00000000e+00  0.00000000e+00  0.00000000e+00  
6.40000000e-04  3.73150000e+02  1.01325129e+05  6.04897058e+00  6.04897058e-06  1.00000000e-06  -5.04568385e+05 0.00000000e+00  0.00000000e+00  0.00000000e+00  0.00000000e+00  
6.85000000e-04  3.73150000e+02  1.01325139e+05  6.04897058e+00  6.04897058e-06  1.00000000e-06  -5.04674611e+05 0.00000000e+00  0.00000000e+00  0.00000000e+00  0.00000000e+00  
7.30000000e-04  3.73150000e+02  1.01325148e+05  6.04897058e+00  6.04897058e-06  1.00000000e-06  -5.04780832e+05 0.00000000e+00  0.00000000e+00  0.00000000e+00  0.00000000e+00  
7.75000000e-04  3.73150000e+02  1.01325157e+05  6.04897058e+00  6.04897058e-06  1.00000000e-06  -5.04887047e+05 0.00000000e+00  0.00000000e+00  0.00000000e+00  0.00000000e+00  
8.20000000e-04  3.73150000e+02  1.01325166e+05  6.04897058e+00  6.04897058e-06  1.00000000e-06  -5.04993257e+05 0.00000000e+00  0.00000000e+00  0.00000000e+00  0.00000000e+00  
8.65000000e-04  3.73150000e+02  1.01325175e+05  6.04897058e+00  6.04897058e-06  1.00000000e-06  -5.05099461e+05 0.00000000e+00  0.00000000e+00  0.00000000e+00  0.00000000e+00  
9.10000000e-04  3.73150000e+02  1.01325184e+05  6.04897058e+00  6.04897058e-06  1.00000000e-06  -5.05205660e+05 0.00000000e+00  0.00000000e+00  0.00000000e+00  0.00000000e+00  
9.55000000e-04  3.73150000e+02  1.01325193e+05  6.04897058e+00  6.04897058e-06  1.00000000e-06  -5.05311853e+05 0.00000000e+00  0.00000000e+00  0.00000000e+00  0.00000000e+00  
1.00000000e-03  3.73150000e+02  1.01325202e+05  6.04897058e+00  6.04897058e-06  1.00000000e-06  -5.05418041e+05 0.00000000e+00  0.00000000e+00  0.00000000e+00  0.00000000e+00  
1.45000000e-03  3.73150000e+02  1.01325293e+05  6.04897058e+00  6.04897058e-06  1.00000000e-06  -5.06479621e+05 0.00000000e+00  0.00000000e+00  0.00000000e+00  0.00000000e+00  
1.90000000e-03  3.73150000e+02  1.01325384e+05  6.04897058e+00  6.04897058e-06  1.00000000e-06  -5.07540657e+05 0.00000000e+00  0.00000000e+00  0.00000000e+00  0.00000000e+00  
2.35000000e-03  3.73150000e+02  1.01325475e+05  6.04897058e+00  6.04897058e-06  1.00000000e-06  -5.08601151e+05 0.00000000e+00  0.00000000e+00  0.00000000e+00  0.00000000e+00  
2.80000000e-03  3.73150000e+02  1.01325566e+05  6.04897058e+00  6.04897058e-06  1.00000000e-06  -5.09661101e+05 0.00000000e+00  0.00000000e+00  0.00000000e+00  0.00000000e+00  
3.25000000e-03  3.73150000e+02  1.01325656e+05  6.04897058e+00  6.04897058e-06  1.00000000e-06  -5.10720509e+05 0.00000000e+00  0.00000000e+00  0.00000000e+00  0.00000000e+00  
3.70000000e-03  3.73150000e+02  1.01325747e+05  6.04897058e+00  6.04897058e-06  1.00000000e-06  -5.11779376e+05 0.00000000e+00  0.00000000e+00  0.00000000e+00  0.00000000e+00  
4.15000000e-03  3.73150000e+02  1.01325838e+05  6.04897058e+00  6.04897058e-06  1.00000000e-06  -5.12837701e+05 0.00000000e+00  0.00000000e+00  0.00000000e+00  0.00000000e+00  
4.60000000e-03  3.73150000e+02  1.01325928e+05  6.04897058e+00  6.04897058e-06  1.00000000e-06  -5.13895484e+05 0.00000000e+00  0.00000000e+00  0.00000000e+00  0.00000000e+00  
5.05000000e-03  3.73150000e+02  1.01326019e+05  6.04897058e+00  6.04897058e-06  1.00000000e-06  -5.14952727e+05 0.00000000e+00  0.00000000e+00  0.00000000e+00  0.00000000e+00  
5.50000000e-03  3.73150000e+02  1.01326110e+05  6.04897058e+00  6.04897058e-06  1.00000000e-06  -5.16009430e+05 0.00000000e+00  0.00000000e+00  0.00000000e+00  0.00000000e+00  
5.95000000e-03  3.73150000e+02  1.01326200e+05  6.04897058e+00  6.04897058e-06  1.00000000e-06  -5.17065593e+05 0.00000000e+00  0.00000000e+00  0.00000000e+00  0.00000000e+00  
6.40000000e-03  3.73150000e+02  1.01326290e+05  6.04897058e+00  6.04897058e-06  1.00000000e-06  -5.18121217e+05 0.00000000e+00  0.00000000e+00  0.00000000e+00  0.00000000e+00  
6.85000000e-03  3.73150000e+02  1.01326381e+05  6.04897058e+00  6.04897058e-06  1.00000000e-06  -5.19176301e+05 0.00000000e+00  0.00000000e+00  0.00000000e+00  0.00000000e+00  
7.30000000e-03  3.73150000e+02  1.01326471e+05  6.04897058e+00  6.04897058e-06  1.00000000e-06  -5.20230847e+05 0.00000000e+00  0.00000000e+00  0.00000000e+00  0.00000000e+00  
7.75000000e-03  3.73150000e+02  1.01326561e+05  6.04897058e+00  6.04897058e-06  1.00000000e-06  -5.21284855e+05 0.00000000e+00  0.00000000e+00  0.00000000e+00  0.00000000e+00  
8.20000000e-03  3.73150000e+02  1.01326652e+05  6.04897058e+00  6.04897058e-06  1.00000000e-06  -5.22338325e+05 0.00000000e+00  0.00000000e+00  0.00000000e+00  0.00000000e+00  
8.65000000e-03  3.73150000e+02  1.01326742e+05  6.04897058e+00  6.04897058e-06  1.00000000e-06  -5.23391257e+05 0.00000000e+00  0.00000000e+00  0.00000000e+00  0.00000000e+00  
9.10000000e-03  3.73150000e+02  1.01326832e+05  6.04897058e+00  6.04897058e-06  1.00000000e-06  -5.24443653e+05 0.00000000e+00  0.00000000e+00  0.00000000e+00  0.00000000e+00  
9.55000000e-03  3.73150000e+02  1.01326922e+05  6.04897058e+00  6.04897058e-06  1.00000000e-06  -5.25495512e+05 0.00000000e+00  0.00000000e+00  0.00000000e+00  0.00000000e+00  
1.00000000e-02  3.73150000e+02  1.01327012e+05  6.04897058e+00  6.04897058e-06  1.00000000e-06  -5.26546835e+05 0.00000000e+00  0.00000000e+00  0.00000000e+00  0.00000000e+00  
1.45000000e-02  3.73150000e+02  1.01327910e+05  6.04897058e+00  6.04897058e-06  1.00000000e-06  -5.37030668e+05 0.00000000e+00  0.00000000e+00  0.00000000e+00  0.00000000e+00  
1.90000000e-02  3.73150000e+02  1.01328804e+05  6.04897058e+00  6.04897058e-06  1.00000000e-06  -5.47461335e+05 0.00000000e+00  0.00000000e+00  0.00000000e+00  0.00000000e+00  
2.35000000e-02  3.73150000e+02  1.01329693e+05  6.04897058e+00  6.04897058e-06  1.00000000e-06  -5.57839241e+05 0.00000000e+00  0.00000000e+00  0.00000000e+00  0.00000000e+00  
2.80000000e-02  3.73150000e+02  1.01330577e+05  6.04897058e+00  6.04897058e-06  1.00000000e-06  -5.68164785e+05 0.00000000e+00  0.00000000e+00  0.00000000e+00  0.00000000e+00  
3.25000000e-02  3.73150000e+02  1.01331457e+05  6.04897058e+00  6.04897058e-06  1.00000000e-06  -5.78438362e+05 0.00000000e+00  0.00000000e+00  0.00000000e+00  0.00000000e+00  
3.70000000e-02  3.73150000e+02  1.01332333e+05  6.04897058e+00  6.04897058e-06  1.00000000e-06  -5.88660364e+05 0.00000000e+00  0.00000000e+00  0.00000000e+00  0.00000000e+00  
4.15000000e-02  3.73150000e+02  1.01333204e+05  6.04897058e+00  6.04897058e-06  1.00000000e-06  -5.98831179e+05 0.00000000e+00  0.00000000e+00  0.00000000e+00  0.00000000e+00  
4.60000000e-02  3.73150000e+02  1.01334071e+05  6.04897058e+00  6.04897058e-06  1.00000000e-06  -6.08951188e+05 0.00000000e+00  0.00000000e+00  0.00000000e+00  0.00000000e+00  
5.05000000e-02  3.73150000e+02  1.01334934e+05  6.04897058e+00  6.04897058e-06  1.00000000e-06  -6.19020773e+05 0.00000000e+00  0.00000000e+00  0.00000000e+00  0.00000000e+00  
5.50000000e-02  3.73150000e+02  1.01335792e+05  6.04897058e+00  6.04897058e-06  1.00000000e-06  -6.29040309e+05 0.00000000e+00  0.00000000e+00  0.00000000e+00  0.00000000e+00  
5.95000000e-02  3.73150000e+02  1.01336646e+05  6.04897058e+00  6.04897058e-06  1.00000000e-06  -6.39010169e+05 0.00000000e+00  0.00000000e+00  0.00000000e+00  0.00000000e+00  
6.40000000e-02  3.73150000e+02  1.01337496e+05  6.04897058e+00  6.04897058e-06  1.00000000e-06  -6.48930721e+05 0.00000000e+00  0.00000000e+00  0.00000000e+00  0.00000000e+00  
6.85000000e-02  3.73150000e+02  1.01338342e+05  6.04897058e+00  6.04897058e-06  1.00000000e-06  -6.58802330e+05 0.00000000e+00  0.00000000e+00  0.00000000e+00  0.00000000e+00  
7.30000000e-02  3.73150000e+02  1.01339183e+05  6.04897058e+00  6.04897058e-06  1.00000000e-06  -6.68625356e+05 0.00000000e+00  0.00000000e+00  0.00000000e+00  0.00000000e+00  
7.75000000e-02  3.73150000e+02  1.01340020e+05  6.04897058e+00  6.04897058e-06  1.00000000e-06  -6.78400160e+05 0.00000000e+00  0.00000000e+00  0.00000000e+00  0.00000000e+00  
8.20000000e-02  3.73150000e+02  1.01340854e+05  6.04897058e+00  6.04897058e-06  1.00000000e-06  -6.88127093e+05 0.00000000e+00  0.00000000e+00  0.00000000e+00  0.00000000e+00  
8.65000000e-02  3.73150000e+02  1.01341683e+05  6.04897058e+00  6.04897058e-06  1.00000000e-06  -6.97806507e+05 0.00000000e+00  0.00000000e+00  0.00000000e+00  0.00000000e+00  
9.10000000e-02  3.73150000e+02  1.01342508e+05  6.04897058e+00  6.04897058e-06  1.00000000e-06  -7.07438750e+05 0.00000000e+00  0.00000000e+00  0.00000000e+00  0.00000000e+00  
9.55000000e-02  3.73150000e+02  1.01343329e+05  6.04897058e+00  6.04897058e-06  1.00000000e-06  -7.17024164e+05 0.00000000e+00  0.00000000e+00  0.00000000e+00  0.00000000e+00  
1.00000000e-01  3.73150000e+02  1.01344146e+05  6.04897058e+00  6.04897058e-06  1.00000000e-06  -7.26563090e+05 0.00000000e+00  0.00000000e+00  0.00000000e+00  0.00000000e+00  
1.45000000e-01  3.73150000e+02  1.01352105e+05  6.04897058e+00  6.04897058e-06  1.00000000e-06  -8.19468191e+05 0.00000000e+00  0.00000000e+00  0.00000000e+00  0.00000000e+00  
1.90000000e-01  3.73150000e+02  1.01359695e+05  6.04897058e+00  6.04897058e-06  1.00000000e-06  -9.08076015e+05 0.00000000e+00  0.00000000e+00  0.00000000e+00  0.00000000e+00  
2.35000000e-01  3.73150000e+02  1.01366942e+05  6.04897058e+00  6.04897058e-06  1.00000000e-06  -9.92677964e+05 0.00000000e+00  0.00000000e+00  0.00000000e+00  0.00000000e+00  
2.80000000e-01  3.73150000e+02  1.01373869e+05  6.04897058e+00  6.04897058e-06  1.00000000e-06  -1.07353968e+06 0.00000000e+00  0.00000000e+00  0.00000000e+00  0.00000000e+00  
3.25000000e-01  3.73150000e+02  1.01380496e+05  6.04897058e+00  6.04897058e-06  1.00000000e-06  -1.15090383e+06 0.00000000e+00  0.00000000e+00  0.00000000e+00  0.00000000e+00  
3.70000000e-01  3.73150000e+02  1.01386843e+05  6.04897058e+00  6.04897058e-06  1.00000000e-06  -1.22499257e+06 0.00000000e+00  0.00000000e+00  0.00000000e+00  0.00000000e+00  
4.15000000e-01  3.73150000e+02  1.01392927e+05  6.04897058e+00  6.04897058e-06  1.00000000e-06  -1.29600956e+06 0.00000000e+00  0.00000000e+00  0.00000000e+00  0.00000000e+00  
4.60000000e-01  3.73150000e+02  1.01398763e+05  6.04897058e+00  6.04897058e-06  1.00000000e-06  -1.36414197e+06 0.00000000e+00  0.00000000e+00  0.00000000e+00  0.00000000e+00  
5.05000000e-01  3.73150000e+02  1.01404367e+05  6.04897058e+00  6.04897058e-06  1.00000000e-06  -1.42956205e+06 0.00000000e+00  0.00000000e+00  0.00000000e+00  0.00000000e+00  
5.50000000e-01  3.73150000e+02  1.01409753e+05  6.04897058e+00  6.04897058e-06  1.00000000e-06  -1.49242860e+06 0.00000000e+00  0.00000000e+00  0.00000000e+00  0.00000000e+00  
5.95000000e-01  3.73150000e+02  1.01414932e+05  6.04897058e+00  6.04897058e-06  1.00000000e-06  -1.55288827e+06 0.00000000e+00  0.00000000e+00  0.00000000e+00  0.00000000e+00  
6.40000000e-01  3.73150000e+02  1.01419916e+05  6.04897058e+00  6.04897058e-06  1.00000000e-06  -1.61107669e+06 0.00000000e+00  0.00000000e+00  0.00000000e+00  0.00000000e+00  
6.85000000e-01  3.73150000e+02  1.01424717e+05  6.04897058e+00  6.04897058e-06  1.00000000e-06  -1.66711947e+06 0.00000000e+00  0.00000000e+00  0.00000000e+00  0.00000000e+00  
7.30000000e-01  3.73150000e+02  1.01429344e+05  6.04897058e+00  6.04897058e-06  1.00000000e-06  -1.72113315e+06 0.00000000e+00  0.00000000e+00  0.00000000e+00  0.00000000e+00  
7.75000000e-01  3.73150000e+02  1.01433806e+05  6.04897058e+00  6.04897058e-06  1.00000000e-06  -1.77322597e+06 0.00000000e+00  0.00000000e+00  0.00000000e+00  0.00000000e+00  
8.20000000e-01  3.73150000e+02  1.01438113e+05  6.04897058e+00  6.04897058e-06  1.00000000e-06  -1.82349860e+06 0.00000000e+00  0.00000000e+00  0.00000000e+00  0.00000000e+00  
8.65000000e-01  3.73150000e+02  1.01442272e+05  6.04897058e+00  6.04897058e-06  1.00000000e-06  -1.87204481e+06 0.00000000e+00  0.00000000e+00  0.00000000e+00  0.00000000e+00  
9.10000000e-01  3.73150000e+02  1.01446290e+05  6.04897058e+00  6.04897058e-06  1.00000000e-06  -1.91895201e+06 0.00000000e+00  0.00000000e+00  0.00000000e+00  0.00000000e+00  
9.55000000e-01  3.73150000e+02  1.01450175e+05  6.04897058e+00  6.04897058e-06  1.00000000e-06  -1.96430185e+06 0.00000000e+00  0.00000000e+00  0.00000000e+00  0.00000000e+00  
1.00000000e+00  3.73150000e+02  1.01453933e+05  6.04897058e+00  6.04897058e-06  1.00000000e-06  -2.00817061e+06 0.00000000e+00  0.00000000e+00  0.00000000e+00  0.00000000e+00  
1.45000000e+00  3.73150000e+02  1.01485709e+05  6.04897058e+00  6.04897058e-06  1.00000000e-06  -2.37912056e+06 0.00000000e+00  0.00000000e+00  0.00000000e+00  0.00000000e+00  
1.90000000e+00  3.73150000e+02  1.01509663e+05  6.04897058e+00  6.04897058e-06  1.00000000e-06  -2.65874739e+06 0.00000000e+00  0.00000000e+00  0.00000000e+00  0.00000000e+00  
2.35000000e+00  3.73150000e+02  1.01528366e+05  6.04897058e+00  6.04897058e-06  1.00000000e-06  -2.87707873e+06 0.00000000e+00  0.00000000e+00  0.00000000e+00  0.00000000e+00  
2.80000000e+00  3.73150000e+02  1.01543374e+05  6.04897058e+00  6.04897058e-06  1.00000000e-06  -3.05227822e+06 0.00000000e+00  0.00000000e+00  0.00000000e+00  0.00000000e+00  
3.25000000e+00  3.73150000e+02  1.01555684e+05  6.04897058e+00  6.04897058e-06  1.00000000e-06  -3.19597806e+06 0.00000000e+00  0.00000000e+00  0.00000000e+00  0.00000000e+00  
3.70000000e+00  3.73150000e+02  1.01565963e+05  6.04897058e+00  6.04897058e-06  1.00000000e-06  -3.31597266e+06 0.00000000e+00  0.00000000e+00  0.00000000e+00  0.00000000e+00  
4.15000000e+00  3.73150000e+02  1.01574675e+05  6.04897058e+00  6.04897058e-06  1.00000000e-06  -3.41768085e+06 0.00000000e+00  0.00000000e+00  0.00000000e+00  0.00000000e+00  
4.60000000e+00  3.73150000e+02  1.01582154e+05  6.04897058e+00  6.04897058e-06  1.00000000e-06  -3.50498676e+06 0.00000000e+00  0.00000000e+00  0.00000000e+00  0.00000000e+00  
5.05000000e+00  3.73150000e+02  1.01588644e+05  6.04897058e+00  6.04897058e-06  1.00000000e-06  -3.58074725e+06 0.00000000e+00  0.00000000e+00  0.00000000e+00  0.00000000e+00  
5.50000000e+00  3.73150000e+02  1.01594329e+05  6.04897058e+00  6.04897058e-06  1.00000000e-06  -3.64711044e+06 0.00000000e+00  0.00000000e+00  0.00000000e+00  0.00000000e+00  
5.95000000e+00  3.73150000e+02  1.01599350e+05  6.04897058e+00  6.04897058e-06  1.00000000e-06  -3.70572270e+06 0.00000000e+00  0.00000000e+00  0.00000000e+00  0.00000000e+00  
6.40000000e+00  3.73150000e+02  1.01603817e+05  6.04897058e+00  6.04897058e-06  1.00000000e-06  -3.75786700e+06 0.00000000e+00  0.00000000e+00  0.00000000e+00  0.00000000e+00  
6.85000000e+00  3.73150000e+02  1.01607816e+05  6.04897058e+00  6.04897058e-06  1.00000000e-06  -3.80455798e+06 0.00000000e+00  0.00000000e+00  0.00000000e+00  0.00000000e+00  
7.30000000e+00  3.73150000e+02  1.01611419e+05  6.04897058e+00  6.04897058e-06  1.00000000e-06  -3.84660862e+06 0.00000000e+00  0.00000000e+00  0.00000000e+00  0.00000000e+00  
7.75000000e+00  3.73150000e+02  1.01614680e+05  6.04897058e+00  6.04897058e-06  1.00000000e-06  -3.88467792e+06 0.00000000e+00  0.00000000e+00  0.00000000e+00  0.00000000e+00  
8.20000000e+00  3.73150000e+02  1.01617646e+05  6.04897058e+00  6.04897058e-06  1.00000000e-06  -3.91930576e+06 0.00000000e+00  0.00000000e+00  0.00000000e+00  0.00000000e+00  
8.65000000e+00  3.73150000e+02  1.01620356e+05  6.04897058e+00  6.04897058e-06  1.00000000e-06  -3.95093861e+06 0.00000000e+00  0.00000000e+00  0.00000000e+00  0.00000000e+00  
9.10000000e+00  3.73150000e+02  1.01622841e+05  6.04897058e+00  6.04897058e-06  1.00000000e-06  -3.97994893e+06 0.00000000e+00  0.00000000e+00  0.00000000e+00  0.00000000e+00  
9.55000000e+00  3.73150000e+02  1.01625128e+05  6.04897058e+00  6.04897058e-06  1.00000000e-06  -4.00664988e+06 0.00000000e+00  0.00000000e+00  0.00000000e+00  0.00000000e+00  
1.00000000e+01  3.73150000e+02  1.01627240e+05  6.04897058e+00  6.04897058e-06  1.00000000e-06  -4.03130664e+06 0.00000000e+00  0.00000000e+00  0.00000000e+00  0.00000000e+00  
1.45000000e+01  3.73150000e+02  1.01641930e+05  6.04897058e+00  6.04897058e-06  1.00000000e-06  -4.20279255e+06 0.00000000e+00  0.00000000e+00  0.00000000e+00  0.00000000e+00  
1.90000000e+01  3.73150000e+02  1.01650251e+05  6.04897058e+00  6.04897058e-06  1.00000000e-06  -4.29991963e+06 0.00000000e+00  0.00000000e+00  0.00000000e+00  0.00000000e+00  
2.35000000e+01  3.73150000e+02  1.01655606e+05  6.04897058e+00  6.04897058e-06  1.00000000e-06  -4.36243504e+06 0.00000000e+00  0.00000000e+00  0.00000000e+00  0.00000000e+00  
2.80000000e+01  3.73150000e+02  1.01659341e+05  6.04897058e+00  6.04897058e-06  1.00000000e-06  -4.40604186e+06 0.00000000e+00  0.00000000e+00  0.00000000e+00  0.00000000e+00  
3.00000000e+01  3.73150000e+02  1.01660662e+05  6.04897058e+00  6.04897058e-06  1.00000000e-06  -4.42145566e+06 0.00000000e+00  0.00000000e+00  0.00000000e+00  0.00000000e+00  
