    0.0000000000E+00    0.0000000000E+00    0.0000000000E+00
    0.0000000000E+00    0.0000000000E+00    0.0000000000E+00
    0.0000000000E+00    0.0000000000E+00    0.0000000000E+00
    0.0000000000E+00    0.0000000000E+00    0.0000000000E+00
    0.0000000000E+00    0.0000000000E+00    0.0000000000E+00
    0.0000000000E+00    0.0000000000E+00    0.0000000000E+00
    0.0000000000E+00    0.0000000000E+00    0.0000000000E+00
    0.0000000000E+00    0.0000000000E+00    0.0000000000E+00
    0.0000000000E+00    0.0000000000E+00    0.0000000000E+00
    0.0000000000E+00    0.0000000000E+00    0.0000000000E+00
    0.0000000000E+00    0.0000000000E+00    0.0000000000E+00
    0.0000000000E+00    0.0000000000E+00    0.0000000000E+00
    0.0000000000E+00    0.0000000000E+00    0.0000000000E+00
    0.0000000000E+00    0.0000000000E+00    0.0000000000E+00
    0.0000000000E+00    0.0000000000E+00    0.0000000000E+00
    0.0000000000E+00    0.0000000000E+00    0.0000000000E+00
    0.0000000000E+00    0.0000000000E+00    0.0000000000E+00
    0.0000000000E+00    0.0000000000E+00    0.0000000000E+00
    0.0000000000E+00    0.0000000000E+00    0.0000000000E+00
    0.0000000000E+00    0.0000000000E+00    0.0000000000E+00
    0.0000000000E+00    0.0000000000E+00    0.0000000000E+00
    0.0000000000E+00    0.0000000000E+00    0.0000000000E+00
    0.0000000000E+00    0.0000000000E+00    0.0000000000E+00
    0.0000000000E+00    0.0000000000E+00    0.0000000000E+00
    0.0000000000E+00    0.0000000000E+00    0.0000000000E+00
    0.0000000000E+00    0.0000000000E+00    0.0000000000E+00
    0.0000000000E+00    0.0000000000E+00    0.0000000000E+00
    0.0000000000E+00    0.0000000000E+00    0.0000000000E+00
    0.0000000000E+00    0.0000000000E+00    0.0000000000E+00
    0.0000000000E+00    0.0000000000E+00    0.0000000000E+00
    0.0000000000E+00    0.0000000000E+00    0.0000000000E+00
    0.0000000000E+00    0.0000000000E+00    0.0000000000E+00
    0.0000000000E+00    0.0000000000E+00    0.0000000000E+00
    0.0000000000E+00    0.0000000000E+00    0.0000000000E+00
    0.0000000000E+00    0.0000000000E+00    0.0000000000E+00
    0.0000000000E+00    0.0000000000E+00    0.0000000000E+00
    0.0000000000E+00    0.0000000000E+00    0.0000000000E+00
    0.0000000000E+00    0.0000000000E+00    0.0000000000E+00
    0.0000000000E+00    0.0000000000E+00    0.0000000000E+00
    0.0000000000E+00    0.0000000000E+00    0.0000000000E+00
    0.0000000000E+00    0.0000000000E+00    0.0000000000E+00
    0.0000000000E+00    0.0000000000E+00    0.0000000000E+00
    0.0000000000E+00    0.0000000000E+00    0.0000000000E+00
    0.0000000000E+00    0.0000000000E+00    0.0000000000E+00
    0.0000000000E+00    0.0000000000E+00    0.0000000000E+00
    0.0000000000E+00    0.0000000000E+00    0.0000000000E+00
    0.0000000000E+00    0.0000000000E+00    0.0000000000E+00
    0.0000000000E+00    0.0000000000E+00    0.0000000000E+00
    0.0000000000E+00    0.0000000000E+00    0.0000000000E+00
    0.0000000000E+00    0.0000000000E+00    0.0000000000E+00
    0.0000000000E+00    0.0000000000E+00    0.0000000000E+00
    0.0000000000E+00    0.0000000000E+00    0.0000000000E+00
    0.0000000000E+00    0.0000000000E+00    0.0000000000E+00
    0.0000000000E+00    0.0000000000E+00    0.0000000000E+00
    0.0000000000E+00    0.0000000000E+00    0.0000000000E+00
    0.0000000000E+00    0.0000000000E+00    0.0000000000E+00
    0.0000000000E+00    0.0000000000E+00    0.0000000000E+00
    0.0000000000E+00    0.0000000000E+00    0.0000000000E+00
    0.0000000000E+00    0.0000000000E+00    0.0000000000E+00
    0.0000000000E+00    0.0000000000E+00    0.0000000000E+00
    0.0000000000E+00    0.0000000000E+00    0.0000000000E+00
    0.0000000000E+00    0.0000000000E+00    0.0000000000E+00
    0.0000000000E+00    0.0000000000E+00    0.0000000000E+00
    0.0000000000E+00    0.0000000000E+00    0.0000000000E+00
    0.0000000000E+00    0.0000000000E+00    0.0000000000E+00
    0.0000000000E+00    0.0000000000E+00    0.0000000000E+00
    0.0000000000E+00    0.0000000000E+00    0.0000000000E+00
    0.0000000000E+00    0.0000000000E+00    0.0000000000E+00
    0.0000000000E+00    0.0000000000E+00    0.0000000000E+00
    0.0000000000E+00    0.0000000000E+00    0.0000000000E+00
    0.0000000000E+00    0.0000000000E+00    0.0000000000E+00
    0.0000000000E+00    0.0000000000E+00    0.0000000000E+00
    2.5027994947E-03    5.6899705319E-03    6.5875110054E-03
    1.4250022045E-03   -1.1580750453E-03    2.4384428412E-04
   -4.6179531449E-04    1.4931393354E-03   -2.6383096322E-03
   -8.3934102418E-04    1.0222646462E-03    6.1389159423E-04
    1.8652171231E-03   -5.9109943849E-03   -6.4353324017E-03
    4.8770148433E-03    1.1958302320E-03   -9.4566029808E-04
   -1.5672337130E-03    1.8631663516E-04   -4.3052961501E-03
   -4.7462193916E-04    1.0880375741E-03   -3.6611309750E-03
   -1.8294912677E-03    7.7357994870E-04   -2.6100359065E-03
   -4.3533252774E-03   -1.7165570708E-02   -2.5067616154E-02
   -1.9628168221E-03   -3.5331014867E-03   -3.0138156646E-03
   -1.5971512070E-03    2.7569646437E-04   -3.6803043444E-03
    5.9140530828E-04    1.6093834234E-03   -2.0701995394E-03
   -1.1841022036E-02   -9.4584376089E-04   -1.9949657707E-02
    1.6964347346E-03   -3.5559344483E-03   -1.1186563969E-02
   -1.4493679672E-03    1.2011145072E-03    5.6782026524E-04
    3.8945055199E-03    8.2494359986E-05   -4.3527979580E-03
   -1.3697686724E-03    1.6641064897E-03   -2.1499681653E-03
   -3.6808504001E-03    8.4712717826E-04   -2.0031574609E-03
    5.3969020025E-03   -1.1934113997E-03   -1.8510490975E-03
   -1.2336848262E-03    6.1209697840E-03   -7.5202086698E-03
   -2.6117388119E-04    3.1402518818E-03   -1.8764151105E-05
    4.2727099927E-03    5.9444071199E-04    4.3499412266E-04
   -3.6168647608E-03    6.8253133378E-05    4.1432794230E-03
   -1.7409910148E-03   -6.2168811961E-04    1.9418824611E-03
   -2.6564307153E-03    1.7349151493E-03    1.2202930327E-03
    7.2482537392E-04    2.0999130392E-03    2.1612613551E-03
    2.5250412544E-04    1.3941754733E-03    3.7382513167E-03
   -1.6264060508E-03    1.6989404932E-03    2.0107334304E-03
    4.8872806694E-04   -8.7128209962E-04    2.6195748972E-03
   -1.6044089941E-03   -1.6616360203E-03    4.5398167967E-03
   -2.8620806834E-03    3.0789990774E-03    7.2662855463E-04
   -1.0144669823E-03    3.1280901810E-03    3.2999590995E-03
   -9.1705522239E-03   -1.0106362249E-02   -5.7376562442E-03
   -2.7495565316E-03   -2.3383503632E-03   -7.5982081301E-03
   -1.2522521009E-03   -8.0223070189E-04    3.6272641819E-03
    4.9008088928E-03   -5.1770483070E-04    8.7441644135E-03
   -2.7530226275E-03   -2.8786903494E-03   -1.9908754858E-03
   -2.0029782989E-02   -2.9726046239E-02   -2.2176690834E-01
    2.0463938976E-02   -3.5680727392E-04   -2.7253961343E-02
   -6.2355888734E-03   -5.0248054077E-03    4.1511840333E-03
   -1.2539471596E-03    1.4562437970E-03    2.3514877350E-03
    3.2720701447E-03   -1.6342488300E-03   -1.0648628503E-02
    1.1689684508E-02    9.2668280477E-03   -5.7630201272E-02
    3.7603764569E-03    1.5487509048E-03    9.7101595090E-03
   -1.3951236968E-03   -2.6534454915E-03    1.0454414694E-03
    4.1548173330E-04    1.8486708582E-03    2.5123069227E-03
   -2.4483735991E-03   -5.3015550034E-04    7.5751167468E-03
    6.3024350592E-02    7.2843597548E-02   -4.8978331599E-02
   -4.9230380627E-01   -2.8170335677E-01    5.4792121138E-01
    4.8289199148E-01    2.5401598678E-01   -1.0181515646E-01
